subID.calcFD	label1002	label1003	label1005	label1006	label1007	label1008	label1009	label1010	label1011	label1012	label1013	label1014	label1015	label1016	label1017	label1018	label1019	label1020	label1021	label1022	label1023	label1024	label1025	label1026	label1027	label1028	label1029	label1030	label1031	label1034	label1035	label2002	label2003	label2005	label2006	label2007	label2008	label2009	label2010	label2011	label2012	label2013	label2014	label2015	label2016	label2017	label2018	label2019	label2020	label2021	label2022	label2023	label2024	label2025	label2026	label2027	label2028	label2029	label2030	label2031	label2034	label2035	
Sub1001	1.9735	2.0928	1.9647	1.9486	2.1104	2.1885	2.1601	1.8854	2.1805	2.1004	2.1030	1.9802	2.1684	1.9445	1.9986	2.0599	1.9644	2.0393	1.8951	2.0720	1.9997	2.1152	2.1375	1.9575	2.1711	2.2186	2.0673	2.1974	2.1890	1.8303	2.0653	1.9019	2.1019	1.9785	1.9777	2.1327	2.1969	2.1834	1.9176	2.1824	2.0946	2.1165	1.9757	2.1633	1.9001	2.0143	2.0709	1.9784	2.0261	1.9300	2.0302	1.9631	2.1161	2.1228	1.8853	2.1470	2.2400	2.0940	2.2039	2.1740	1.7553	2.0929	0.0000	
Sub1002	1.9728	2.1344	1.9661	1.9563	2.1002	2.1927	2.1083	1.8827	2.0845	2.1311	2.0868	2.0320	2.1180	1.8381	2.0068	2.0654	1.9291	2.0719	1.8973	2.0810	1.9829	2.1353	2.1043	1.9449	2.1585	2.2211	2.0764	2.1621	2.1990	1.7970	2.0725	1.9542	2.1209	1.9709	1.9822	2.1047	2.1954	2.1186	1.8545	2.1403	2.1128	2.0851	2.0389	2.1503	1.9242	1.9784	2.0538	1.9820	2.0985	1.9555	2.0286	1.9729	2.1119	2.1135	1.9104	2.1422	2.2226	2.0691	2.1674	2.1930	1.7930	2.0856	0.0000	
Sub1003	1.9811	2.0912	1.9878	1.9171	2.1198	2.1670	2.0884	1.8857	2.1359	2.0986	2.1113	1.9874	2.1181	1.9478	2.0282	2.0485	1.9494	2.0423	1.9063	2.0612	2.0049	2.1172	2.0995	1.8926	2.1333	2.2200	2.0856	2.1497	2.1211	1.8494	2.0800	1.9419	2.1045	1.9732	1.8984	2.0983	2.1621	2.1186	1.8953	2.1582	2.0898	2.1187	2.0015	2.1147	1.9171	1.9710	2.0537	1.9458	2.0011	1.9719	2.0458	1.9504	2.1119	2.1038	1.9202	2.1105	2.2101	2.0703	2.1533	2.1387	1.7903	2.0806	0.0000	
Sub1004	1.9814	2.1078	1.9651	1.9386	2.1481	2.2074	2.1558	1.9339	2.1846	2.1146	2.0925	2.0380	2.1647	1.8639	1.9923	2.0402	1.9150	2.0337	1.8019	2.0512	1.9886	2.1145	2.1412	1.9816	2.1135	2.2079	2.0713	2.1686	2.1333	1.8244	2.0906	1.8970	2.0905	1.9498	1.9611	2.1194	2.2493	2.1851	1.9382	2.1599	2.0969	2.0893	2.0119	2.1863	1.8558	2.0226	2.0575	1.9571	2.0674	1.8438	2.0147	1.9891	2.1204	2.1392	1.9165	2.1178	2.2151	2.1123	2.2055	2.1436	1.7631	2.0945	0.0000	
Sub1005	2.0470	2.1490	2.0041	1.7674	2.0829	2.2134	2.1541	1.9469	2.1255	2.1155	2.0383	2.0226	2.1767	1.8596	2.0097	2.0033	1.9203	2.0563	1.8750	2.1183	1.9921	2.1233	2.1421	2.0106	2.1817	2.2593	2.1194	2.1744	2.1639	1.8443	2.0618	2.0056	2.1315	2.0124	1.9266	2.1269	2.2704	2.1723	1.9383	2.1657	2.1237	2.1042	2.0373	2.1868	1.8703	2.0160	2.0383	1.9449	2.0480	1.9771	2.1014	2.0054	2.1086	2.1635	1.9755	2.1735	2.2553	2.1302	2.1842	2.1868	1.7681	2.0750	0.0000	
Sub1006	1.9721	2.1146	2.0382	2.0062	2.1132	2.2055	2.1639	1.9036	2.1604	2.1118	2.1070	2.0584	2.1698	1.9781	2.0163	2.0911	1.9560	2.0476	1.9033	2.0786	1.9896	2.1369	2.1177	1.9845	2.1573	2.2408	2.1090	2.1947	2.1843	1.7805	2.1340	1.8526	2.1323	2.0030	2.0346	2.1164	2.2340	2.1520	1.9153	2.1915	2.1173	2.1232	2.0390	2.1917	1.9218	2.0301	2.0848	1.9909	2.0603	1.9856	2.0846	1.9990	2.1181	2.1102	1.8578	2.1626	2.2466	2.1142	2.1991	2.1780	1.7694	2.1262	0.0000	
Sub1007	1.9806	2.0933	1.9964	1.8786	2.0442	2.1802	2.0831	1.8943	2.1620	2.0778	2.0779	1.9769	2.1022	1.8723	1.9707	2.0350	1.9471	2.0162	1.9012	2.0547	1.9488	2.1230	2.1102	1.9559	2.1174	2.2076	2.0872	2.1095	2.1705	1.7508	2.0481	1.9279	2.1151	1.9740	1.9123	2.0771	2.2048	2.1295	1.9267	2.1779	2.0973	2.0967	2.0148	2.1466	1.8411	1.9808	2.0590	1.9022	2.0106	1.8749	2.0529	1.9702	2.1260	2.1270	1.8901	2.1272	2.2122	2.0615	2.1468	2.1719	1.7442	2.0615	0.0000	
Sub1008	2.0178	2.1589	2.0562	1.8584	2.0856	2.1841	2.1415	1.9557	2.1512	2.0935	2.1031	2.0088	2.1478	1.8872	2.0566	2.1072	1.9681	2.0606	1.9424	2.1032	2.0025	2.1034	2.1520	1.9692	2.1551	2.2225	2.1267	2.1454	2.1404	1.8377	2.0788	1.9770	2.1151	2.0085	1.8907	2.1224	2.2094	2.1764	1.8234	2.1765	2.1061	2.0983	2.0229	2.1690	1.8983	2.0265	2.0614	1.9881	2.0645	1.9581	2.0723	1.8974	2.1064	2.1527	1.9401	2.1728	2.2236	2.1386	2.2024	2.2033	1.7381	2.1101	0.0000	
Sub1009	1.9809	2.1242	1.9923	1.9398	2.0739	2.2019	2.1522	1.9612	2.1315	2.0939	2.0714	2.0140	2.1307	1.9207	2.0211	2.0551	1.9101	1.9927	1.8722	2.0804	1.9831	2.1156	2.1193	2.0000	2.1648	2.2101	2.0664	2.1684	2.1438	1.7996	2.0987	1.9671	2.1032	1.9656	1.9613	2.0819	2.2170	2.1590	1.9475	2.1388	2.0912	2.0492	2.0072	2.1660	1.9033	2.0241	2.0679	1.9040	2.0134	1.8834	2.0507	1.9770	2.1099	2.1238	1.9398	2.1239	2.2086	2.0983	2.1639	2.1493	1.7343	2.0932	0.0000	
Sub1010	1.9971	2.1040	1.9680	1.8769	2.1104	2.1845	2.1095	1.8978	2.1403	2.0763	2.0733	2.0246	2.1416	1.8497	2.0048	2.0686	1.8989	2.0341	1.8915	2.1118	1.9785	2.1302	2.0668	1.9703	2.1611	2.2176	2.0365	2.1917	2.1343	1.8028	2.0903	1.9193	2.0939	1.9835	1.8615	2.1276	2.2126	2.1567	1.9248	2.1658	2.1026	2.1006	2.0022	2.1668	1.8662	2.0005	2.0859	1.9988	2.0886	1.9242	2.0984	1.9915	2.1153	2.0892	1.8846	2.1355	2.2214	2.0622	2.1824	2.1648	1.7403	2.0758	0.0000	
Sub1011	2.0007	2.1133	2.0123	1.6177	2.1098	2.1956	2.0075	1.9047	2.1484	2.0972	2.0734	2.0074	2.1246	1.7282	1.9688	2.0945	1.9615	2.0365	1.9802	2.0909	2.0218	2.1517	2.1189	1.9714	2.1525	2.2107	2.0990	2.1238	2.1270	1.8168	2.0932	1.9609	2.1107	1.9734	1.7981	2.0705	2.2345	2.1060	1.8902	2.1644	2.0910	2.0886	2.0373	2.1700	1.8706	2.0040	2.0405	1.9723	2.0417	1.9908	2.0929	2.0298	2.1310	2.1203	1.9232	2.1278	2.2224	2.0612	2.1578	2.1673	1.7327	2.0541	0.0000	
Sub1012	2.0050	2.1285	2.0351	1.9306	2.0903	2.1850	2.2205	1.9600	2.1683	2.1151	2.1053	2.0353	2.1614	1.9747	1.9877	2.0768	1.9620	2.0732	1.9314	2.0847	2.0063	2.1158	2.1216	1.9677	2.1588	2.2304	2.0877	2.1911	2.1443	1.8606	2.0891	2.0006	2.1075	1.9992	2.0016	2.0804	2.2018	2.2074	1.9436	2.1776	2.0920	2.1181	1.9865	2.1701	1.9548	1.9843	2.0623	1.9468	2.1023	1.9468	2.0752	2.0343	2.0775	2.1450	1.9505	2.1747	2.2337	2.0864	2.1946	2.1466	1.7490	2.1059	0.0000	
Sub1013	2.0208	2.0960	1.9142	1.9435	2.1452	2.1918	2.1645	1.9341	2.1178	2.0963	2.0723	2.0322	2.1549	1.9433	1.9931	1.9801	1.9143	2.0182	1.8174	2.0379	2.0005	2.0788	2.1505	1.9732	2.1280	2.2033	2.0819	2.1562	2.1489	1.7606	2.0932	1.9701	2.0742	1.9338	1.9209	2.1244	2.1982	2.1408	1.9536	2.1443	2.0936	2.0667	1.9989	2.1738	1.9397	1.9842	2.0156	1.9440	2.0040	1.8206	2.0100	1.9891	2.0820	2.1215	1.8748	2.1398	2.2030	2.1080	2.1702	2.1430	1.6772	2.0934	0.0000	
Sub1014	1.9747	2.1068	1.9516	1.7510	2.0829	2.1808	2.1005	1.8761	2.1530	2.0801	2.0775	1.9850	2.0966	1.8877	1.9949	2.0174	1.9692	2.0361	1.7748	2.0391	1.9956	2.0948	2.1039	1.9407	2.1277	2.1996	2.0419	2.1476	2.1508	1.7047	2.0392	1.9134	2.0924	1.9549	1.7730	2.0352	2.2009	2.0952	1.9143	2.1380	2.0892	2.0326	2.0041	2.1446	1.8817	1.9613	2.0208	1.9680	2.0213	1.7838	2.0325	1.9782	2.0923	2.0981	1.7616	2.1242	2.2156	2.0528	2.1332	2.1367	1.7074	2.0478	0.0000	
Sub1015	1.9599	2.0653	1.9794	1.9628	2.1170	2.1645	2.1501	1.9467	2.1407	2.0935	2.0784	2.0265	2.1322	1.8752	1.9686	2.0513	1.9122	2.0094	1.8921	1.9910	1.9451	2.0598	2.0947	1.9616	2.1417	2.1802	2.0392	2.1719	2.1278	1.8721	2.0763	1.9708	2.0651	1.9535	1.9450	2.1062	2.1917	2.1056	1.9282	2.1551	2.1024	2.0577	2.0145	2.1707	1.9094	1.9608	2.0321	1.9331	2.0318	1.8951	2.0066	1.9695	2.0816	2.0928	1.9848	2.1387	2.1811	2.0277	2.1671	2.1016	1.7934	2.0785	0.0000	
Sub1016	1.9751	2.1140	1.9651	1.8942	2.1051	2.1570	2.1374	1.8863	2.1799	2.0786	2.0502	2.0087	2.1390	1.8311	2.0289	2.0578	1.9487	2.0507	1.7908	2.0580	1.9305	2.1090	2.1347	1.9618	2.1730	2.1987	2.0691	2.1720	2.1277	1.8947	2.0838	1.8971	2.0974	1.9585	1.7772	2.0706	2.2288	2.1287	1.8419	2.1680	2.1020	2.0683	1.9888	2.1640	1.7929	2.0082	2.0446	1.9929	2.0517	1.8992	1.9954	1.9414	2.1334	2.1227	1.8713	2.1764	2.2075	2.0857	2.2107	2.1485	1.7630	2.0778	0.0000	
Sub1017	1.9836	2.0826	2.0571	1.9350	2.0742	2.1520	2.1496	1.9383	2.1348	2.0998	2.0760	2.0159	2.1377	1.9070	1.9962	2.0360	1.9254	2.0380	1.9457	2.0507	1.9962	2.1120	2.1265	1.9407	2.1323	2.2029	2.0779	2.1666	2.1375	1.8179	2.0886	1.9773	2.0512	2.0368	1.9472	2.0839	2.1782	2.1093	1.9228	2.1572	2.1056	2.0854	1.9981	2.1525	1.9129	2.0018	2.0005	1.9874	2.0279	1.9461	2.0214	2.0050	2.1120	2.1205	1.9072	2.1084	2.1968	2.0901	2.1676	2.1307	1.7100	2.0919	0.0000	
Sub1018	1.9448	2.0507	1.9423	1.7819	2.1048	2.1906	2.1010	1.9178	2.1403	2.0664	2.0280	1.9617	2.1271	1.7713	1.9778	2.0460	1.9631	2.0544	1.7613	2.0485	1.9853	2.0915	2.1136	1.9398	2.0922	2.1834	2.0964	2.0642	2.1556	1.7875	2.0346	1.9825	2.0895	1.9354	1.7647	2.1027	2.2134	2.0756	1.8752	2.1359	2.0602	2.0544	1.9863	2.1438	1.8142	1.9722	2.0682	1.9491	2.0335	1.8094	2.0190	1.9873	2.0864	2.1130	1.9202	2.1211	2.1966	2.0834	2.1475	2.1542	1.7416	2.0589	0.0000	
Sub1019	2.0375	2.1313	2.0341	1.7806	2.1604	2.1625	2.1212	1.8802	2.2143	2.1210	2.0858	1.9974	2.1379	1.8069	2.0379	2.0682	1.9670	2.0413	1.8913	2.1166	2.0535	2.1521	2.1060	2.0186	2.1642	2.2240	2.1040	2.1643	2.1638	1.8092	2.0731	1.9416	2.1013	2.0338	1.7889	2.1765	2.2258	2.1384	1.9198	2.2264	2.1276	2.1144	2.0033	2.1680	1.8546	2.0354	2.0728	2.0089	2.0679	1.9174	2.0643	2.0350	2.1443	2.1724	1.9612	2.1535	2.2452	2.1006	2.1477	2.1638	1.7510	2.0861	0.0000	
Sub1020	2.0029	2.1134	1.9502	1.8812	2.1052	2.1955	2.2093	1.9410	2.1616	2.0996	2.0679	2.0081	2.1672	1.8481	1.9949	2.0434	1.9384	2.0178	1.9350	2.0764	2.0129	2.1190	2.1030	2.0092	2.1438	2.2245	2.0815	2.1784	2.1862	1.7910	2.0821	1.8504	2.1084	1.9745	1.9630	2.1133	2.2345	2.2128	1.9175	2.1644	2.1032	2.1114	2.0173	2.1909	1.8548	2.0037	2.0697	1.9400	2.0291	1.9389	2.0419	2.0019	2.1137	2.1046	1.9445	2.1466	2.2450	2.1025	2.1902	2.1760	1.7477	2.0796	0.0000	
Sub1021	1.9638	2.1065	1.9522	1.9833	2.1091	2.1938	2.1181	1.9350	2.1292	2.1273	2.0913	2.0279	2.1495	1.9292	1.9910	2.0461	1.9591	2.0411	1.9266	2.0586	1.9810	2.1041	2.1141	1.9491	2.1372	2.2070	2.0789	2.1830	2.1594	1.8313	2.0747	1.9203	2.0666	1.9495	1.9609	2.1363	2.2213	2.1488	1.9052	2.1628	2.1155	2.0963	2.0087	2.1759	1.9172	2.0103	2.0631	1.9732	2.0373	1.9342	2.0017	1.9645	2.1101	2.1211	1.8890	2.1433	2.2157	2.1005	2.2032	2.1254	1.7589	2.0968	0.0000	
Sub1022	1.9632	2.0872	1.9531	1.7311	2.0351	2.1750	2.0598	1.8736	2.0961	2.0816	2.0714	1.9632	2.0750	1.8430	1.9912	2.0214	1.8947	2.0179	1.8631	2.0579	1.9648	2.0988	2.0966	1.8619	2.1194	2.2064	2.0692	2.1273	2.1692	1.8538	2.0216	1.9128	2.0601	1.9392	1.7306	2.0638	2.1983	2.1344	1.8554	2.1639	2.0797	2.0919	2.0110	2.1639	1.8917	1.9863	2.0467	1.9135	2.0339	1.9081	2.0592	1.9988	2.0922	2.1170	1.9194	2.1191	2.2080	2.0555	2.1273	2.1447	1.7148	2.0570	0.0000	
Sub1023	2.0298	2.0876	1.9612	1.9550	2.0945	2.1658	2.1472	1.9267	2.1587	2.0943	2.0739	2.0252	2.1307	1.9413	2.0168	2.0054	1.9707	1.9909	1.8468	2.0614	2.0721	2.1077	2.1165	2.0142	2.1169	2.2108	2.0962	2.1879	2.1715	1.8411	2.0619	1.9124	2.0625	1.9685	1.9433	2.1129	2.2057	2.1227	1.8840	2.1565	2.0907	2.0455	2.0094	2.1336	1.8647	2.0516	2.0362	1.9600	1.9816	1.8922	2.0528	1.9837	2.0971	2.1105	1.8907	2.1275	2.2218	2.0916	2.1766	2.1407	1.7043	2.0921	0.0000	
Sub1024	2.0238	2.1171	1.9679	2.0121	2.1179	2.1864	2.1715	1.8776	2.1344	2.0975	2.0810	2.0409	2.1421	1.9182	2.0042	2.0452	1.9670	2.0478	1.8648	2.0600	2.0112	2.1170	2.0986	1.9577	2.1264	2.2013	2.0779	2.1658	2.1289	1.7910	2.0884	1.9443	2.0964	1.9466	1.9714	2.1085	2.2462	2.1199	1.8700	2.1637	2.1149	2.0941	2.0053	2.1606	1.9245	2.0025	2.0523	1.9618	2.0507	1.8987	2.0376	1.9696	2.1334	2.1333	1.9397	2.1609	2.2074	2.1196	2.1601	2.1385	1.6914	2.0828	0.0000	
Sub1025	2.0110	2.0550	1.9421	1.9319	2.1097	2.1306	2.1636	1.9341	2.1250	2.0956	2.0859	2.0350	2.1421	1.7994	1.9803	2.0482	1.9135	2.0090	1.8345	2.0758	2.0120	2.1046	2.0880	2.0276	2.1049	2.2019	2.0516	2.1484	2.0931	1.7258	2.0818	2.0102	2.0912	1.9268	1.8906	2.0851	2.1547	2.1664	1.9151	2.1470	2.1145	2.0970	2.0100	2.1663	1.8533	1.9262	2.0344	1.9284	2.0425	1.8768	2.0511	2.0284	2.0923	2.0711	1.9921	2.1144	2.1951	2.0422	2.1392	2.1251	1.6826	2.0631	0.0000	
Sub1026	2.0089	2.0798	1.9789	1.8578	2.1390	2.1493	2.1551	1.8925	2.1592	2.0820	2.0889	1.9570	2.1414	1.9256	1.9925	2.0397	1.9341	2.0185	1.8657	2.0568	1.9967	2.1229	2.0504	1.9711	2.1194	2.2090	2.0798	2.1636	2.1580	1.7889	2.0721	1.9213	2.0810	1.9775	1.8971	2.1188	2.1660	2.1504	1.8865	2.1644	2.0920	2.0979	1.9862	2.1711	1.9186	1.9893	2.0286	1.9633	2.0258	1.9067	2.0185	1.9865	2.1191	2.0718	1.8825	2.1076	2.2112	2.0689	2.1614	2.1372	1.7217	2.0660	0.0000	
Sub1027	2.0165	2.0848	1.9995	1.8666	2.1388	2.1591	2.1620	1.8949	2.1670	2.1028	2.0957	1.9788	2.1500	1.9248	1.9968	2.0567	1.9362	2.0318	1.8709	2.0638	2.0026	2.1262	2.0511	1.9769	2.1307	2.2081	2.0881	2.1724	2.1609	1.7949	2.0743	1.9101	2.0954	1.9829	1.8841	2.1208	2.1782	2.1573	1.8914	2.1707	2.1001	2.1041	2.0068	2.1753	1.9165	1.9902	2.0534	1.9660	2.0384	1.9126	2.0236	1.9845	2.1324	2.0760	1.8719	2.1231	2.2179	2.0735	2.1767	2.1510	1.7355	2.0732	0.0000	
Sub1028	1.9715	2.0918	1.9456	1.6928	2.0653	2.1552	2.1181	1.9012	2.1369	2.0871	2.1031	1.9216	2.1256	1.9423	1.9917	1.9973	1.8670	2.0306	1.8856	2.0121	1.9775	2.0816	2.0584	1.9451	2.1139	2.1898	2.0352	2.1226	2.0960	1.7839	2.0650	1.9303	2.0578	1.9176	1.7394	2.0561	2.1412	2.0838	1.8685	2.1548	2.0949	2.0438	1.9506	2.1379	1.8631	1.9968	2.0565	1.9520	2.0199	1.8496	2.0288	1.9723	2.0919	2.0762	1.9165	2.1061	2.1847	2.0346	2.1077	2.1113	1.7333	2.0473	0.0000	
Sub1029	1.9308	2.0459	1.9554	1.9178	2.0488	2.1000	2.0835	1.8996	2.1142	2.0461	2.0235	1.9561	2.1008	1.9038	1.9669	1.9763	1.8951	1.9570	1.8133	1.9958	1.9598	2.0436	2.0591	1.9254	2.0281	2.1434	2.0387	2.1239	2.0789	1.7216	2.0203	1.9180	2.0225	1.9124	1.8664	2.0731	2.1416	2.1108	1.8124	2.0899	2.0527	2.0156	1.9327	2.1090	1.8225	1.9233	1.9699	1.8574	1.9890	1.8340	1.9572	1.9359	2.0484	2.0580	1.8762	2.0424	2.1670	2.0321	2.1530	2.0745	1.6625	2.0040	0.0000	
Sub1030	2.0245	2.1077	1.9848	1.9047	2.1082	2.1854	2.1565	1.9276	2.1808	2.1132	2.0730	2.0230	2.1570	1.8718	2.0088	2.0844	1.9914	2.0705	1.7796	2.0636	2.0346	2.1166	2.1142	2.0028	2.1531	2.2250	2.0567	2.1862	2.1344	1.7749	2.1325	1.9589	2.0878	1.9253	1.8953	2.0842	2.1796	2.1666	1.9192	2.1955	2.1155	2.1078	2.0116	2.1848	1.9015	1.9761	2.0660	2.0138	2.0115	1.8242	2.0393	2.0384	2.1052	2.1151	1.8911	2.1544	2.2320	2.0950	2.1998	2.1564	1.7226	2.1202	0.0000	
Sub1031	1.9514	2.0566	1.9598	1.8753	2.0262	2.0974	2.0612	1.9445	2.0905	2.0770	2.0332	1.9943	2.0549	1.8863	1.9637	1.9969	1.9508	1.9643	1.8459	2.0020	1.9577	2.0604	2.0405	1.9431	2.0685	2.1800	2.0353	2.1183	2.1334	1.7590	2.0516	1.9297	1.9552	1.9328	1.7684	2.0317	2.1548	2.0887	1.8882	2.1096	2.0666	2.0187	1.9639	2.1161	1.8720	1.9261	2.0240	1.9195	1.9917	1.8711	2.0137	1.9607	2.0419	2.0717	1.8599	2.0613	2.1931	2.0099	2.1256	2.0944	1.7130	2.0519	0.0000	
Sub1032	2.0174	2.1341	1.9857	1.9080	2.1301	2.1748	2.1698	1.9000	2.1411	2.1046	2.1090	2.0043	2.1459	1.9576	2.0042	2.0446	1.8735	2.0350	1.9417	2.0774	2.0192	2.1167	2.1173	1.9962	2.1420	2.2177	2.0638	2.1904	2.1554	1.8401	2.0759	1.9435	2.1007	1.9300	1.9047	2.1057	2.2325	2.1739	1.8873	2.1565	2.1150	2.0933	2.0310	2.1656	1.9182	1.9768	2.0904	1.9275	2.0154	1.9611	2.0363	2.0250	2.1269	2.1118	1.9085	2.1314	2.2296	2.0801	2.2034	2.1539	1.7484	2.0797	0.0000	
Sub1033	1.9938	2.0814	1.9430	1.8509	2.0442	2.0935	2.1053	1.9172	2.0948	2.0907	2.0689	1.9541	2.0509	1.8917	2.0011	2.0258	1.9224	2.0466	1.8461	2.0762	1.9914	2.1207	2.0389	1.9525	2.1213	2.1633	1.9801	2.1385	2.1267	1.8461	2.0621	1.9672	2.0853	1.9570	1.9022	2.1000	2.1458	2.1449	1.8924	2.1449	2.0689	2.0920	1.9697	2.1289	1.8891	1.9757	2.0292	1.9079	1.9879	1.8771	2.0449	1.9907	2.1141	2.0782	1.9166	2.1231	2.1912	2.0416	2.1346	2.0842	1.7158	2.0647	0.0000	
Sub1034	2.0007	2.1272	1.9688	1.7718	2.0821	2.1738	2.0959	1.9706	2.1357	2.0864	2.0496	1.9524	2.1489	1.8670	1.9785	2.0416	1.9380	2.0138	1.9192	2.0507	2.0073	2.1209	2.1097	1.9854	2.1339	2.2013	2.0825	2.1343	2.1821	1.8039	2.0911	1.9835	2.0941	1.9594	1.9606	2.0592	2.1728	2.1297	1.9214	2.1378	2.0754	2.0640	1.9947	2.1521	1.9140	2.0214	2.0517	1.9371	2.0433	1.9277	2.0312	2.0343	2.1091	2.1357	1.9471	2.1317	2.2053	2.0703	2.1591	2.1377	1.7265	2.0951	0.0000	
Sub1035	1.9322	2.0421	1.9731	1.8658	2.1115	2.1516	2.1315	1.9107	2.1640	2.0998	2.0942	1.9752	2.1222	1.9527	1.9439	2.0168	1.8975	2.0645	1.9600	2.0355	1.9535	2.1114	2.0516	1.9359	2.0893	2.1575	2.0959	2.1599	2.1003	1.8441	2.1032	1.9647	2.0378	1.9485	1.9013	1.9882	2.1547	2.0986	1.8901	2.0912	2.0943	2.0654	2.0267	2.1024	1.9989	1.9576	2.0214	1.9507	1.9992	1.9764	2.0224	1.9557	2.0902	2.0508	1.9059	2.0952	2.1789	2.0430	2.1446	2.0862	1.7596	2.1066	0.0000	
Sub1036	2.0313	2.1210	2.0307	1.9740	2.1864	2.2358	2.2043	1.9224	2.2149	2.1387	2.1018	2.0304	2.1961	1.9489	1.9965	2.1100	1.9904	2.1105	1.9070	2.0650	1.9783	2.1287	2.1510	2.0187	2.1504	2.2175	2.1182	2.1924	2.1932	1.8370	2.1141	1.9894	2.0713	1.9828	2.0052	2.1391	2.2515	2.1585	1.9521	2.1914	2.1532	2.0986	2.0610	2.1779	1.9480	1.9947	2.1016	2.0273	2.1261	1.9519	2.0569	2.0464	2.1429	2.1307	1.9946	2.1669	2.2501	2.1122	2.1632	2.1702	1.8137	2.1287	0.0000	
Sub1037	1.9601	2.0825	1.9651	1.9289	2.1123	2.1627	2.1415	1.9249	2.1454	2.0782	2.0869	1.9638	2.1569	1.9219	1.9888	1.9950	1.8978	1.9747	1.8415	2.0142	1.9596	2.0884	2.1143	1.9094	2.0934	2.1765	2.0756	2.1756	2.1024	1.7546	2.0716	1.7749	2.0683	1.9676	1.9368	2.0838	2.1988	2.1415	1.9310	2.1580	2.0793	2.0984	2.0068	2.1415	1.9090	1.9681	1.9638	1.9021	2.0077	1.9337	2.0386	1.9233	2.1000	2.0936	1.8062	2.1157	2.2118	2.0955	2.1742	2.1555	1.7470	2.0571	0.0000	
Sub1038	2.0430	2.1058	1.9743	1.8169	2.1386	2.1625	2.1716	1.9062	2.1233	2.1039	2.0437	2.0177	2.1307	1.8775	1.9781	2.0051	1.9062	1.9823	1.8249	2.0175	1.9827	2.1109	2.0959	2.0086	2.1231	2.1884	2.0835	2.1657	2.1700	1.8178	2.0969	2.0016	2.1298	1.9391	1.8961	2.1416	2.1789	2.1561	1.8492	2.1406	2.1164	2.0473	1.9899	2.1588	1.8722	1.9945	2.0541	1.9285	2.0091	1.8458	1.9946	1.9597	2.1046	2.0887	1.8882	2.1326	2.2074	2.0674	2.1764	2.1514	1.7288	2.0810	0.0000	
Sub1039	2.0277	2.0891	2.0624	1.9709	2.1361	2.1950	2.1581	1.9537	2.1578	2.1132	2.1233	2.0002	2.2030	1.9525	1.9640	2.0111	1.9706	2.0070	1.9136	2.0183	2.0070	2.0529	2.1327	1.9960	2.1396	2.2077	2.0881	2.1875	2.1619	1.7707	2.0876	1.9236	2.0654	1.9713	1.9797	2.1233	2.2561	2.1661	1.9521	2.1905	2.0882	2.0888	2.0446	2.2193	1.9175	1.9518	2.0396	1.9234	2.0473	1.9769	1.9984	1.9963	2.0730	2.1249	1.9491	2.1495	2.2216	2.1142	2.2122	2.1705	1.6506	2.0830	0.0000	
Sub1040	2.0056	2.1187	1.9349	1.9664	2.1537	2.1846	2.1557	1.9509	2.1488	2.1282	2.1023	2.0281	2.1534	1.9229	2.0120	2.0621	1.9520	2.0187	1.8432	2.0682	2.0380	2.1131	2.0966	1.9594	2.1497	2.2035	2.0405	2.1919	2.1297	1.8382	2.1094	2.0066	2.1187	1.9577	1.9808	2.1112	2.2301	2.1626	1.9034	2.1329	2.1242	2.0955	2.0423	2.1909	1.9245	2.0031	2.0612	1.9907	1.9942	1.8438	2.0343	1.9999	2.1152	2.1122	1.9575	2.1576	2.2306	2.0638	2.1743	2.1394	1.7811	2.0981	0.0000	
Sub1041	2.0299	2.1233	2.0152	1.8341	2.0983	2.1837	2.0953	1.8993	2.1338	2.0901	2.1052	2.0127	2.1294	1.8246	2.0009	2.0584	1.9447	1.9896	1.8866	2.0650	1.9856	2.1181	2.0771	2.0035	2.1581	2.2156	2.0358	2.1521	2.1189	1.7567	2.0634	1.8065	2.0765	1.9237	1.6906	2.0342	2.1592	2.0786	1.8506	2.1251	2.0722	2.0506	1.9884	2.0845	1.7839	2.0142	2.0406	1.9648	1.9950	1.8847	2.0348	1.9145	2.1122	2.0412	1.8916	2.1779	2.2340	1.9844	2.0825	2.0670	1.6621	2.0120	0.0000	
Sub1042	1.9945	2.0929	1.9328	1.7902	2.1090	2.1812	2.1333	1.8787	2.1251	2.0966	2.0747	2.0086	2.1723	1.8310	1.9913	2.0886	1.9533	1.9791	1.7989	2.0347	1.9619	2.0900	2.1200	2.0003	2.1311	2.2070	2.1005	2.1534	2.1694	1.8311	2.0444	1.8902	2.0994	1.9223	1.7487	2.1144	2.2071	2.1197	1.8212	2.1336	2.1152	2.0817	2.0004	2.1461	1.7881	1.9979	2.0433	1.9272	1.9915	1.8442	2.0314	1.9891	2.1081	2.1311	1.9040	2.1698	2.2339	2.0764	2.1632	2.1735	1.7126	2.0637	0.0000	
Sub1043	1.9727	2.0904	2.0062	1.8600	2.1155	2.1554	2.0954	1.8744	2.1330	2.0927	2.0368	1.9890	2.1435	1.8997	1.9915	2.0122	1.9324	2.0199	1.8721	2.0464	1.9566	2.1225	2.0719	1.9645	2.1162	2.1999	2.0877	2.1583	2.1600	1.7930	2.0554	1.9036	2.0846	1.9257	1.7888	2.0803	2.1956	2.1008	1.8978	2.1562	2.0812	2.0596	1.9952	2.1339	1.8741	1.9975	2.0241	1.9252	1.9959	1.8796	2.0182	1.9610	2.1043	2.0692	1.8835	2.0982	2.2142	2.0860	2.1542	2.1185	1.7445	2.0695	0.0000	
Sub1044	2.0142	2.0893	1.9800	1.8986	2.1225	2.1798	2.1507	1.9391	2.1734	2.1099	2.0732	2.0210	2.1476	1.8795	2.0324	2.0402	1.9328	2.0591	1.8351	2.0229	2.0833	2.1144	2.1082	2.0146	2.1116	2.2048	2.0707	2.2096	2.1767	1.9057	2.0838	1.9820	2.1028	1.9913	1.9389	2.1291	2.1989	2.1659	1.9104	2.2013	2.1049	2.1092	2.0073	2.1705	1.8923	2.0442	2.0873	1.9534	2.0531	1.8570	2.0094	2.0446	2.1167	2.1367	1.9960	2.1235	2.2101	2.0870	2.1888	2.1437	1.7998	2.0881	0.0000	
Sub1045	1.9888	2.1053	1.9901	1.9645	2.0903	2.1840	2.1605	1.9802	2.1373	2.0817	2.0580	1.9666	2.1506	1.9185	1.9892	2.0508	1.8872	2.0333	1.7508	2.0455	2.0123	2.1113	2.1214	2.0008	2.1245	2.1861	2.0553	2.1613	2.1367	1.8027	2.0760	1.9678	2.0727	1.9565	1.9755	2.1054	2.1872	2.1433	1.9184	2.1472	2.0772	2.0717	1.9513	2.1544	1.8911	1.9539	2.0027	1.9324	2.0071	1.8133	2.0352	2.0200	2.1050	2.1310	1.8856	2.1363	2.2040	2.0775	2.1677	2.1477	1.7687	2.0567	0.0000	
Sub1046	1.9642	2.1024	1.9959	1.9166	2.0916	2.1906	2.1497	1.9284	2.1450	2.1098	2.0612	1.9890	2.1465	1.9452	1.9786	2.0199	1.9712	2.0234	1.8103	2.0787	1.9889	2.1002	2.0903	1.9740	2.1454	2.2111	2.0606	2.2031	2.1554	1.8168	2.1141	1.9652	2.0719	1.9823	1.9103	2.1019	2.2024	2.1528	1.9107	2.1560	2.0938	2.0871	2.0198	2.1410	1.9358	1.9626	2.0329	1.9324	2.0444	1.8801	2.0273	1.9784	2.1017	2.1064	1.9429	2.1240	2.2225	2.0495	2.2109	2.1279	1.7592	2.1213	0.0000	
Sub1047	1.9259	2.0832	1.9371	1.8564	2.0831	2.1644	2.1233	1.9050	2.1359	2.0834	2.0739	1.9599	2.1286	1.9069	1.9999	2.0318	1.8766	2.0297	1.8436	2.0603	1.8729	2.1108	2.0838	1.9112	2.1326	2.2184	2.0834	2.1351	2.1381	1.7761	2.0424	1.8688	2.0700	1.9487	1.8899	2.0931	2.2057	2.1460	1.7903	2.1454	2.1150	2.0745	1.9792	2.1501	1.8975	2.0090	2.0232	1.9241	1.9937	1.8423	2.0733	1.8927	2.1215	2.1033	1.8264	2.1262	2.2203	2.0878	2.1794	2.1290	1.7819	2.0451	0.0000	
Sub1048	2.0087	2.1110	2.0320	1.9381	2.1343	2.1955	2.1320	1.9528	2.1753	2.1154	2.0959	2.0233	2.1401	1.9348	1.9808	2.0481	1.9589	2.0658	1.9468	2.0553	2.0018	2.1316	2.1059	1.9755	2.1574	2.2087	2.1036	2.1908	2.1416	1.8253	2.0724	1.9582	2.0885	2.0185	1.9868	2.0895	2.2206	2.1856	1.9119	2.1858	2.1082	2.0803	2.0035	2.1841	1.8845	2.0027	2.0402	1.9412	2.0355	1.9373	2.0196	1.9679	2.1449	2.1296	1.8390	2.1622	2.2216	2.1033	2.1657	2.1557	1.7723	2.0866	0.0000	
Sub1049	1.9993	2.0957	2.0290	1.9848	2.1212	2.1752	2.0853	1.9282	2.1629	2.1096	2.0789	1.9885	2.1412	1.9388	2.0245	1.9905	1.9026	2.0106	1.8465	2.0836	1.9774	2.1280	2.1162	1.9625	2.1065	2.2198	2.1182	2.1783	2.1605	1.8212	2.0524	1.9647	2.0736	1.9707	1.8946	2.1040	2.1798	2.1404	1.8949	2.1356	2.1091	2.0678	2.0049	2.1517	1.9215	1.9852	2.0045	1.9265	2.0334	1.8256	2.0280	1.9948	2.1210	2.1390	1.8673	2.1345	2.2345	2.1132	2.2005	2.1435	1.7664	2.0482	0.0000	
Sub1050	1.9728	2.0373	1.9825	1.8904	2.0826	2.1653	2.1288	1.9030	2.1445	2.1021	2.0801	1.9960	2.1363	1.8989	1.9505	2.0192	1.9432	2.0526	1.8620	2.0344	1.9598	2.0717	2.0991	1.9506	2.0945	2.2043	2.0480	2.1550	2.1227	1.8090	2.0851	1.9209	2.0272	1.9277	1.8927	2.0831	2.1593	2.1042	1.8889	2.1236	2.0938	2.0923	2.0322	2.1461	1.9150	1.9798	2.0430	1.9908	2.0589	1.9084	2.0252	1.9923	2.0985	2.0749	1.8785	2.1334	2.2375	2.0102	2.1694	2.1111	1.7702	2.1006	0.0000	
Sub1051	1.9768	2.0040	1.9119	1.8210	2.1007	2.1493	2.0756	1.8683	2.1190	2.0981	2.0557	1.9335	2.0966	1.8587	1.9554	1.9860	1.8592	1.9989	1.8018	2.0247	1.9675	2.0952	2.0529	1.9452	2.0600	2.1556	2.0109	2.1474	2.1186	1.7567	2.0926	1.9182	1.9873	1.9354	1.8472	2.0728	2.1280	2.0685	1.8712	2.1411	2.0790	2.0464	2.0015	2.0994	1.9216	1.9136	2.0623	1.9514	2.0150	1.8098	1.9958	1.9900	2.0703	2.0632	1.8817	2.0348	2.1568	2.0288	2.1295	2.1014	1.7115	2.0797	0.0000	
Sub1052	1.9224	2.0864	1.9818	1.8478	2.0219	2.1530	2.1073	1.8983	2.1011	2.0927	2.0956	1.9665	2.1369	1.8977	1.9761	1.9935	1.9026	1.9668	1.8600	2.0521	1.9277	2.1049	2.0828	1.9203	2.1128	2.1916	2.0160	2.1562	2.1203	1.7215	2.0573	1.9135	2.0861	1.9605	1.9919	2.0288	2.1466	2.1206	1.9210	2.1198	2.0868	2.0918	1.9811	2.1257	1.8983	1.9565	2.0538	1.9549	2.0340	1.8867	2.0180	1.9444	2.0680	2.0991	1.8411	2.0896	2.2176	2.0159	2.1576	2.1054	1.7012	2.0721	0.0000	
Sub1053	2.0072	2.0759	1.9337	1.9139	2.1095	2.2050	2.1601	1.9240	2.1510	2.0942	2.0730	2.0071	2.1505	1.8558	1.9871	2.0171	1.9340	1.9731	1.7979	2.0824	1.9676	2.1116	2.1246	1.9641	2.1263	2.1839	2.0837	2.1650	2.1617	1.8598	2.0875	1.9336	2.0671	1.9395	1.9205	2.1003	2.1988	2.1545	1.8844	2.1527	2.1036	2.0743	1.9520	2.1596	1.9354	1.9741	2.0412	1.9697	2.0166	1.8769	2.0286	1.9960	2.0946	2.0938	1.9490	2.1035	2.2064	2.0773	2.2012	2.1425	1.7658	2.0876	0.0000	
Sub1054	1.9960	2.0037	1.9431	1.9702	2.1010	2.1061	2.1313	1.9639	2.1073	2.0702	2.0918	1.9992	2.1441	2.0151	1.9916	2.0337	1.9922	2.0204	1.8444	2.0512	1.9653	2.0698	2.0722	1.9916	2.0458	2.1908	1.9893	2.1605	2.1311	1.7420	2.1030	1.8853	2.0433	1.9500	1.8980	2.0252	2.1439	2.0990	1.9381	2.0970	2.1066	2.1175	1.9941	2.1391	1.9813	1.9692	2.0588	1.9813	2.0360	1.9612	2.0219	1.9891	2.0604	2.0508	1.9288	2.0651	2.1934	2.0010	2.1756	2.1228	1.6966	2.1153	0.0000	
Sub1055	2.0524	2.1146	2.0221	1.7989	2.1585	2.2112	2.2067	1.9249	2.2074	2.1346	2.1045	2.0048	2.1969	1.9129	2.0502	2.0209	1.9306	2.0121	1.8950	2.0697	2.0180	2.1890	2.1531	2.0471	2.1465	2.2143	2.1043	2.1949	2.1632	1.8600	2.1194	2.0108	2.1063	2.0015	1.9614	2.1456	2.2083	2.1891	1.9772	2.2042	2.1559	2.1136	2.0408	2.1874	1.9233	2.0202	2.0391	2.0311	2.0668	1.9874	2.0266	2.0068	2.1577	2.1435	2.0184	2.1613	2.2334	2.1109	2.1907	2.1301	1.7756	2.1355	0.0000	
Sub1056	1.9844	2.1274	1.9013	1.9343	2.1092	2.2165	2.1427	1.8811	2.1631	2.0954	2.0698	1.9876	2.1767	1.9616	2.0420	2.1097	1.9832	2.0747	1.7670	2.0713	1.9484	2.1324	2.0925	2.0023	2.1191	2.2158	2.1327	2.1591	2.1332	1.7901	2.0830	1.9631	2.1512	2.0050	1.8554	2.0559	2.1981	2.1053	1.9495	2.1691	2.1165	2.0850	2.0231	2.1562	1.8440	2.0111	2.0922	1.9649	2.0605	1.8567	2.0334	1.9853	2.1417	2.1087	1.9897	2.1314	2.2217	2.0823	2.1632	2.1142	1.7257	2.0768	0.0000	
Sub1057	2.0015	2.1159	2.0311	1.9311	2.1439	2.2045	2.1782	1.9430	2.1697	2.1219	2.0739	2.0227	2.1569	1.9426	2.0028	2.0527	1.9920	2.0926	1.8251	2.0849	2.0304	2.1597	2.1558	2.0292	2.1447	2.2190	2.1186	2.1950	2.2156	1.8701	2.1100	1.9440	2.1199	1.9743	1.9425	2.1282	2.2003	2.1541	1.9320	2.1524	2.1346	2.0838	2.0435	2.1520	1.9546	2.0015	2.1283	1.9881	2.1125	1.8946	2.0559	2.0332	2.1477	2.1444	1.9552	2.1817	2.2312	2.1085	2.1918	2.1804	1.7996	2.1196	0.0000	
Sub1058	1.9437	2.0526	2.0264	1.9374	2.1439	2.1886	2.1515	1.9092	2.1975	2.0947	2.1116	1.9667	2.1422	1.9623	2.0031	2.0061	1.9534	2.0178	1.8916	2.0569	1.9845	2.1074	2.1301	1.9334	2.0821	2.1852	2.1056	2.1813	2.1634	1.8537	2.0401	1.8992	2.0641	1.9926	1.9890	2.1041	2.1848	2.1471	1.8942	2.1699	2.1113	2.0905	1.9883	2.1713	1.9610	1.9859	2.0449	1.9610	2.0347	1.8860	2.0358	2.0051	2.1044	2.1172	1.8280	2.1201	2.2078	2.0761	2.1788	2.1128	1.7654	2.0607	0.0000	
Sub1059	1.9801	2.1075	1.9805	1.9863	2.1437	2.2293	2.1571	1.9277	2.2052	2.1312	2.1123	1.9910	2.1425	1.8919	2.0301	2.0393	1.9296	2.0239	1.9059	2.0464	2.0009	2.1355	2.1182	1.9830	2.1323	2.2310	2.1650	2.1777	2.1788	1.8031	2.0908	1.9942	2.1122	1.9725	1.9539	2.1238	2.2291	2.1707	1.9557	2.2018	2.1362	2.1115	1.9796	2.1749	1.8956	2.0492	2.0474	1.9709	2.0131	1.9162	2.0606	2.0205	2.1380	2.1401	1.8742	2.1559	2.2277	2.1159	2.1900	2.1757	1.8055	2.0915	0.0000	
Sub1060	2.0217	2.0851	1.9328	1.8157	2.1062	2.1758	2.1568	1.8607	2.1421	2.1139	2.1008	2.0105	2.1449	1.8366	2.0432	2.0239	1.9385	1.9903	1.8718	2.0469	1.9863	2.1103	2.1059	1.9690	2.1430	2.2176	2.0635	2.1774	2.1202	1.7658	2.0723	1.9510	2.0844	1.9583	1.8811	2.0901	2.2073	2.1030	1.8628	2.1603	2.0901	2.0841	1.9962	2.1279	1.8755	2.0408	2.0374	1.8801	2.0315	1.8891	2.0312	2.0042	2.0990	2.1112	1.8947	2.1268	2.2266	2.0736	2.1654	2.1444	1.7139	2.0535	0.0000	
Sub1061	1.9788	2.0772	2.0120	1.9063	2.1192	2.1926	2.1891	1.8928	2.2012	2.0996	2.0671	2.0139	2.1463	1.9219	2.0181	1.9874	1.9478	1.9832	1.8887	2.0670	1.9854	2.1142	2.1397	1.9891	2.1219	2.2054	2.1265	2.1466	2.1460	1.8629	2.1090	1.9499	2.0926	1.9481	1.9733	2.0842	2.1949	2.1556	1.8832	2.2022	2.1090	2.1179	2.0086	2.1811	1.9436	2.0436	2.0109	1.9752	1.9939	1.9226	2.0515	1.9803	2.1197	2.1311	1.9443	2.1292	2.2469	2.1046	2.1756	2.1712	1.6842	2.1179	0.0000	
Sub1062	1.9695	2.0481	1.9307	1.7832	2.0653	2.1407	2.0890	1.8568	2.1346	2.0598	2.0700	1.9234	2.0968	1.9121	1.9368	2.0090	1.9265	2.0307	1.8838	2.0218	1.9705	2.0625	2.0530	1.9250	2.1025	2.1688	2.0405	2.1473	2.1364	1.7776	2.0498	1.9084	2.0398	1.8921	1.8025	2.0779	2.1742	2.0753	1.8874	2.1464	2.0661	2.0865	1.9830	2.1157	1.9073	1.9414	2.0006	1.9410	2.0297	1.9303	2.0016	1.9206	2.0981	2.0897	1.8927	2.1200	2.1741	2.0479	2.1621	2.1270	1.7043	2.0595	0.0000	
Sub1063	1.9969	2.0969	2.0024	1.8690	2.1289	2.1675	2.1685	1.9188	2.1650	2.1220	2.1037	2.0014	2.1481	1.9226	2.0114	2.0684	1.9700	2.0457	1.9044	2.0594	1.9997	2.1249	2.1019	2.0073	2.1157	2.2174	2.0886	2.1658	2.1505	1.8100	2.0980	1.9418	2.0753	1.9696	1.8627	2.0821	2.1725	2.1531	1.8581	2.1811	2.0938	2.0924	2.0046	2.1511	1.9013	1.9891	2.0690	1.9325	2.0483	1.9241	2.0338	2.0244	2.0968	2.0813	1.9586	2.1222	2.2303	2.0646	2.1713	2.1450	1.7231	2.0748	0.0000	
Sub1064	1.9971	2.0457	2.0062	1.8925	2.0881	2.0875	2.1444	1.9042	2.1923	2.1322	2.1018	2.0249	2.0972	1.8724	1.9771	2.0186	1.9745	1.9873	1.9656	2.0380	1.9513	2.1102	2.0118	1.9436	2.1129	2.1777	2.0390	2.1285	2.0906	1.8232	2.0746	1.8962	2.0778	2.0002	1.9236	2.1025	2.1771	2.1395	1.9059	2.1814	2.1377	2.1202	2.0189	2.1552	1.9113	2.0228	2.0313	1.9821	2.0209	1.9560	2.0324	1.9854	2.1288	2.0400	1.9849	2.1415	2.2210	2.0244	2.1669	2.1136	1.7771	2.0791	0.0000	
Sub1065	1.9664	2.0893	1.9231	1.8830	2.1067	2.1982	2.1609	1.9560	2.1647	2.1062	2.0721	1.9840	2.1756	1.8565	1.9608	2.0223	1.9160	2.0302	1.8654	2.0107	1.9767	2.1109	2.1119	1.9924	2.1155	2.1874	2.0802	2.1687	2.1206	1.7833	2.1032	1.9008	2.0830	1.9142	1.7881	2.0897	2.1845	2.1091	1.9359	2.1562	2.1044	2.0601	1.9864	2.1559	1.8962	1.9802	2.0374	1.9371	2.0571	1.8981	2.0296	2.0028	2.0971	2.1080	1.9335	2.1509	2.2054	2.0516	2.1618	2.1204	1.7302	2.0886	0.0000	
Sub1066	1.9788	2.1013	1.9982	1.9746	2.1257	2.2121	2.1810	1.9498	2.1619	2.1076	2.1090	1.9959	2.1980	1.9479	2.0064	2.0242	1.9675	2.0348	1.9211	2.0910	2.0159	2.1170	2.1147	1.9760	2.1345	2.2142	2.0571	2.2046	2.1468	1.8122	2.0854	1.9618	2.0969	1.9693	1.9812	2.1184	2.2084	2.1622	1.9482	2.1646	2.1113	2.0933	1.9928	2.1730	1.9017	1.9966	2.0380	1.9613	2.0449	1.9409	2.0468	2.0057	2.1260	2.1352	1.9484	2.1550	2.2293	2.0689	2.1791	2.1491	1.7987	2.0858	0.0000	
Sub1067	1.9542	2.1280	2.0134	1.8508	2.0917	2.2038	2.1225	1.9365	2.1502	2.1325	2.0737	2.0067	2.1491	1.8846	2.0185	2.0470	1.9337	2.0537	1.8322	2.0865	2.0010	2.1392	2.1384	1.9027	2.1675	2.2299	2.0642	2.1848	2.1169	1.8260	2.0547	1.9405	2.1238	1.9885	1.7416	1.9992	2.2238	2.0641	1.8831	2.1508	2.1127	2.0625	2.0023	2.1222	1.8248	2.0054	2.0146	1.9695	2.0067	1.8792	2.0575	1.9744	2.1378	2.1488	1.7786	2.1620	2.2312	2.0985	2.1690	2.1669	1.7380	2.0332	0.0000	
Sub1068	2.0409	2.1124	1.9909	1.6729	2.0693	2.1451	2.1456	1.9293	2.1019	2.0863	2.0764	1.9720	2.1389	1.8105	2.0305	2.0196	1.9424	2.0346	1.8655	2.0684	2.0056	2.1039	2.1319	2.0013	2.1334	2.2177	2.1145	2.1372	2.1617	1.8378	2.0644	1.9004	2.1178	1.9869	1.8251	2.1001	2.1994	2.1642	1.9004	2.1538	2.1031	2.0386	2.0080	2.1623	1.8079	2.0157	2.0479	1.9196	1.9850	1.9125	2.0672	1.9676	2.1098	2.0978	1.8814	2.1305	2.2259	2.1253	2.1710	2.1721	1.7975	2.0759	0.0000	
Sub1069	2.0211	2.0888	1.9772	1.7913	2.0748	2.1440	2.1212	1.8430	2.1068	2.0977	2.0352	1.9738	2.1134	1.9221	1.9855	2.0347	1.9210	2.0040	1.8481	2.0370	2.0097	2.1273	2.0778	1.9803	2.0862	2.2002	2.0714	2.1401	2.1639	1.8657	2.0658	1.9575	2.0414	1.9250	1.8786	2.0603	2.1751	2.1067	1.8645	2.1139	2.1004	2.0497	2.0223	2.1266	1.8806	2.0330	2.0566	1.9511	2.0347	1.8535	2.0221	1.9695	2.1239	2.1000	1.9425	2.1316	2.2116	2.0544	2.1391	2.1347	1.7575	2.0471	0.0000	
Sub1070	1.8315	2.1326	2.0189	1.8154	2.0939	2.1898	2.1509	1.9314	2.1601	2.0852	2.1072	2.0025	2.1435	1.9105	2.0225	2.0196	1.9390	2.0192	1.8552	2.0850	1.9539	2.1090	2.1663	1.9688	2.1316	2.2197	2.1581	2.1471	2.1398	1.8412	2.0347	1.8513	2.1090	1.9494	1.9172	2.0854	2.2159	2.2010	1.8847	2.1729	2.0968	2.1104	2.0167	2.1681	1.9328	1.9958	2.0688	1.9277	2.0464	1.8937	2.0625	1.9522	2.1211	2.1206	1.8664	2.1321	2.2138	2.1235	2.1770	2.1603	1.7219	2.0562	0.0000	
Sub1071	1.9607	2.0912	1.9817	1.6543	2.0371	2.1193	2.0891	1.9010	2.0755	2.0732	2.0615	1.9697	2.0978	1.8612	1.9890	2.0233	1.9187	1.9951	1.8519	2.0426	1.9754	2.1056	2.0888	1.9813	2.1149	2.2228	2.0748	2.1295	2.1442	1.7735	2.0791	1.9572	2.0592	1.9221	1.8386	2.0398	2.1764	2.0839	1.8357	2.0853	2.0847	2.0521	1.9932	2.1154	1.8343	1.9834	2.0427	1.9435	1.9996	1.8460	2.0394	1.9965	2.0924	2.0784	1.8684	2.1151	2.2141	2.0589	2.1277	2.0956	1.6656	2.0473	0.0000	
Sub1072	2.0410	2.1155	1.9857	1.8083	2.0918	2.2135	2.1399	1.9559	2.1439	2.0838	2.0988	2.0087	2.1506	1.9182	2.0516	2.0408	1.8884	2.0478	1.8499	2.1006	2.0173	2.1541	2.1556	1.9801	2.1383	2.2387	2.1021	2.1885	2.1576	1.7913	2.0795	2.0067	2.1059	1.9847	1.9053	2.0925	2.2175	2.1607	1.9103	2.1400	2.0932	2.1185	1.9729	2.1771	1.9476	1.9903	2.0375	1.9647	2.0290	1.8878	2.0717	1.9886	2.1411	2.1165	1.9357	2.1431	2.2410	2.1199	2.1744	2.1709	1.7552	2.1074	0.0000	
Sub1073	1.9885	2.0971	1.9891	1.9175	2.0966	2.1908	2.1699	1.9272	2.1184	2.0913	2.0860	1.9805	2.1467	1.8818	2.0015	2.0067	1.9371	2.0264	1.8247	2.0531	2.0080	2.1148	2.1493	1.9676	2.1541	2.2139	2.1018	2.1740	2.1348	1.7874	2.1041	2.0051	2.0452	1.9909	1.9352	2.0762	2.2194	2.1670	1.8893	2.1712	2.1001	2.1106	1.9976	2.1500	1.9126	1.9732	2.0044	1.9239	1.9906	1.9114	2.0276	2.0130	2.1210	2.1456	1.9557	2.1234	2.2297	2.0922	2.1675	2.1078	1.7282	2.0696	0.0000	
Sub1074	1.9811	2.1040	1.9785	1.8246	2.0763	2.2049	2.1200	1.9555	2.1436	2.0985	2.0583	2.0019	2.1474	1.8535	2.0270	2.0310	1.9745	2.0210	1.8902	2.0733	1.9666	2.1196	2.1366	2.0144	2.1227	2.2057	2.1066	2.1531	2.1827	1.8554	2.0777	1.9318	2.0940	1.8792	1.8557	2.1023	2.2358	2.1260	1.9632	2.1582	2.1093	1.9996	1.9941	2.1233	1.8167	2.0055	2.0436	1.9911	2.0535	1.8629	2.0543	1.9970	2.0857	2.1411	1.9378	2.1475	2.2097	2.1070	2.1343	2.1690	1.7725	2.0722	0.0000	
Sub1075	2.0539	2.1489	2.0176	1.9000	2.1201	2.2060	2.1670	1.9550	2.1659	2.1241	2.1234	2.0168	2.1402	1.9305	2.0370	2.1029	1.8975	2.0505	1.9485	2.1137	2.0312	2.1676	2.1136	1.9949	2.1619	2.2540	2.1178	2.2139	2.1715	1.8870	2.0995	1.8913	2.1404	2.0040	2.0065	2.1178	2.2382	2.1856	1.8800	2.1701	2.1145	2.1459	2.0228	2.1527	1.9314	2.0089	2.0641	1.9593	1.9989	1.9819	2.1196	2.0167	2.1552	2.1168	1.9601	2.1838	2.2560	2.0727	2.1944	2.1771	1.7851	2.0866	0.0000	
Sub1076	2.0089	2.1068	1.9888	1.9336	2.1660	2.1970	2.1657	1.9667	2.1930	2.1217	2.1320	2.0408	2.1660	1.9696	2.0004	2.0835	1.9414	2.0899	1.9338	2.0654	2.0500	2.1117	2.1602	1.9870	2.1873	2.2533	2.1230	2.1999	2.2053	1.8868	2.1406	1.9466	2.1058	2.0648	2.0232	2.1371	2.2167	2.2164	1.9036	2.2184	2.1507	2.1302	2.0501	2.1818	1.9329	2.0272	2.0405	1.9667	2.0718	1.9236	2.0571	2.0439	2.1210	2.1398	1.8621	2.1761	2.2585	2.1283	2.2063	2.1727	1.7861	2.1311	0.0000	
Sub1077	1.9687	2.0761	1.9397	1.9086	2.1020	2.1719	2.1052	1.9405	2.1183	2.0714	2.0442	1.9929	2.0962	1.9447	1.9794	1.9975	1.9256	1.9739	1.7509	2.0181	1.9889	2.0665	2.1205	1.9826	2.0786	2.1839	2.0987	2.1162	2.1186	1.7600	2.0432	1.9202	2.0787	1.9527	1.8399	2.0375	2.1776	2.1068	1.8807	2.1178	2.0864	2.0565	1.9796	2.1221	1.8863	1.9689	2.0217	1.9634	1.9789	1.8179	2.0356	1.9854	2.0989	2.1247	1.9038	2.0992	2.1802	2.0645	2.1336	2.1474	1.6939	2.0565	0.0000	
Sub1078	1.9671	2.0873	1.9542	1.8575	2.1407	2.1661	2.1731	1.9280	2.1326	2.1057	2.0795	2.0274	2.1404	1.9196	1.9928	2.0032	1.9311	2.0277	1.8616	2.0673	2.0272	2.1222	2.1337	1.9561	2.1372	2.2367	2.1059	2.1564	2.1828	1.8300	2.0884	1.8635	2.0918	1.9663	1.9369	2.1258	2.2037	2.1668	1.9511	2.1420	2.0965	2.0982	2.0243	2.1698	1.9551	2.0099	2.0047	1.9464	2.0569	1.9216	2.0206	1.9871	2.1129	2.1382	1.9411	2.1361	2.2364	2.1096	2.1713	2.1590	1.7665	2.0943	0.0000	
Sub1079	1.9355	2.0826	1.9810	1.7052	2.0551	2.1768	2.1074	1.9083	2.0954	2.0793	2.0388	1.9867	2.1284	1.8029	1.9973	2.0177	1.9415	1.9745	2.0049	2.0543	1.9524	2.1091	2.0762	1.9869	2.0990	2.2055	2.0711	2.1736	2.1569	1.7447	2.0538	1.8957	2.0509	1.9383	1.7728	2.0851	2.2005	2.1423	1.7714	2.1787	2.0844	2.0570	1.9560	2.1451	1.8160	2.0103	2.0538	1.9257	1.9816	1.9514	2.0278	1.8664	2.1108	2.0748	1.9116	2.1175	2.2065	2.0967	2.1462	2.1579	1.7304	2.0487	0.0000	
Sub1080	2.0231	2.1068	2.0155	1.9307	2.0916	2.1983	2.1381	1.9832	2.1619	2.1133	2.0614	2.0363	2.1359	1.9280	2.0092	2.0729	1.9805	2.0372	1.8462	2.0428	2.0006	2.1238	2.1129	1.9199	2.1287	2.2341	2.1187	2.1860	2.1799	1.8158	2.0692	1.9344	2.0862	2.0151	1.9586	2.1036	2.2373	2.1671	1.9112	2.1377	2.0933	2.0461	1.9940	2.1685	1.8839	2.0295	2.0566	1.9830	2.0415	1.8727	2.0470	1.9833	2.1201	2.1218	1.8659	2.1565	2.2350	2.0916	2.1961	2.1710	1.8004	2.0633	0.0000	
Sub1081	2.0461	2.1169	1.9906	1.9141	2.0907	2.2007	2.1384	1.8906	2.1685	2.1095	2.0630	2.0278	2.1353	1.9240	2.0072	2.0490	1.8599	2.0868	1.8759	2.1285	1.9623	2.1461	2.1087	1.9472	2.1311	2.2149	2.1312	2.1730	2.1615	1.8479	2.0870	1.9887	2.0986	1.9975	1.9504	2.0986	2.1939	2.1635	1.8810	2.1620	2.0727	2.0768	1.9726	2.1483	1.9163	2.0078	2.0388	1.8767	2.0647	1.9286	2.0963	2.0059	2.1379	2.1352	1.8820	2.1336	2.2254	2.1135	2.1842	2.1484	1.7891	2.1005	0.0000	
Sub1082	2.0017	2.0877	1.9412	1.8871	2.0503	2.1627	2.1261	1.9210	2.1138	2.0981	2.0380	1.9532	2.1092	1.9126	1.9674	2.0642	1.9218	2.0070	1.9100	2.0459	1.9979	2.1047	2.0722	1.9580	2.1149	2.1822	2.0799	2.1506	2.1253	1.8077	2.0732	1.8835	2.0186	1.9550	1.8958	2.0841	2.1918	2.1162	1.8790	2.1119	2.1014	2.0802	2.0264	2.1634	1.8727	1.9910	2.0476	1.9711	2.0159	1.9369	2.0027	1.9697	2.1010	2.0839	1.9407	2.1089	2.2293	2.1023	2.1629	2.1405	1.7297	2.0800	0.0000	
Sub1083	2.0217	2.0859	1.9657	1.8146	2.0505	2.1414	2.1283	1.9350	2.1385	2.1032	2.0596	1.9903	2.1349	1.8355	2.0156	2.0127	1.9055	2.0405	1.8807	2.0775	1.9532	2.1096	2.0947	1.9781	2.1527	2.2021	2.0458	2.1006	2.1392	1.7486	2.0536	1.8926	2.0941	1.9824	1.9156	2.0568	2.1802	2.1553	1.9470	2.1162	2.1287	2.0590	1.9596	2.1716	1.8647	1.9764	2.0860	1.9824	2.0635	1.9517	2.0762	2.0307	2.1236	2.1094	1.9210	2.1654	2.2183	2.0885	2.1409	2.1715	1.7625	2.0772	0.0000	
Sub1084	1.9596	2.0514	2.0224	1.9123	2.1104	2.1939	2.1665	1.9206	2.1795	2.0557	2.0595	1.9565	2.1727	1.8839	2.0086	2.0321	1.9326	2.0247	1.7768	2.0291	1.9401	2.0991	2.1198	1.9878	2.0839	2.1941	2.0874	2.1646	2.1200	1.7654	2.0341	1.9632	2.0712	2.0044	1.9208	2.1405	2.1891	2.1473	1.8967	2.1764	2.0777	2.0548	2.0101	2.1661	1.8710	2.0103	2.0274	1.9260	2.0004	1.8733	2.0126	1.9903	2.0920	2.1312	1.8921	2.1323	2.2028	2.0931	2.1781	2.1477	1.7108	2.0534	0.0000	
Sub1085	1.9682	2.0492	1.9556	1.8082	2.0896	2.1241	2.1238	1.8652	2.1156	2.0818	2.0786	1.9809	2.0826	1.8080	1.9768	2.0151	1.9284	2.0334	1.8913	2.0620	1.9935	2.1023	2.0743	1.9257	2.1042	2.1982	2.0783	2.1209	2.1422	1.8156	2.0520	1.9037	2.0467	1.9479	1.8828	2.1118	2.2043	2.1349	1.8752	2.1673	2.0774	2.0831	2.0093	2.1508	1.8295	1.9806	2.0468	1.9245	2.0893	1.9273	2.0488	1.9964	2.0996	2.1138	1.8943	2.1027	2.2046	2.1034	2.1610	2.1439	1.7526	2.0633	0.0000	
Sub1086	2.0081	2.0881	1.9833	1.8261	2.1484	2.1270	2.1295	1.8283	2.1582	2.1026	2.0631	2.0231	2.1399	1.9419	1.9925	2.0451	1.9305	2.0517	1.7410	2.0823	1.9565	2.1115	2.0876	1.9613	2.1354	2.2257	2.0520	2.1790	2.1247	1.7582	2.1008	1.9493	2.1197	1.9921	1.8926	2.1121	2.2176	2.1203	1.8887	2.1283	2.0985	2.0801	2.0360	2.1685	1.9637	1.9945	2.0343	1.9845	2.0160	1.8105	2.0672	1.9981	2.1209	2.1188	1.9018	2.1217	2.2377	2.1054	2.1805	2.1526	1.7226	2.1153	0.0000	
Sub1087	2.0760	2.0982	1.9604	1.9482	2.0998	2.1864	2.2046	1.9063	2.1401	2.1027	2.0903	2.0499	2.1594	1.9478	2.0472	2.0609	1.9333	2.0321	1.8468	2.0410	1.9848	2.1195	2.1166	2.0074	2.1118	2.2186	2.0769	2.1798	2.1358	1.7913	2.0864	1.9863	2.1181	1.9442	1.9823	2.1396	2.2229	2.1514	1.9227	2.1368	2.1082	2.0604	2.0223	2.1671	1.9433	2.0294	2.0829	1.9956	2.0446	1.9360	2.0326	2.0262	2.1539	2.1088	1.9770	2.1258	2.2396	2.0635	2.1727	2.1444	1.6796	2.0764	0.0000	
Sub1088	2.0033	2.0711	1.9151	1.9247	2.0785	2.1695	2.1172	1.9250	2.1085	2.0511	2.0226	1.9975	2.1078	1.8779	1.9509	2.0395	1.8689	1.9623	1.7948	1.9632	1.9515	2.0468	2.0777	1.9105	2.0750	2.1769	2.0395	2.1500	2.1495	1.7639	2.0791	1.8899	2.0235	1.8694	1.9184	2.0535	2.2002	2.1333	1.8952	2.0947	2.0549	2.0021	1.9564	2.1176	1.8583	1.9556	2.0166	1.9397	1.9632	1.8337	1.9917	1.9644	2.0571	2.0768	1.7670	2.1113	2.2106	2.0099	2.1685	2.1321	1.7127	2.0789	0.0000	
Sub1089	1.9513	2.0938	1.9681	1.8790	2.1021	2.1957	2.1294	1.8515	2.1321	2.0701	2.0497	1.9936	2.0666	1.8970	1.9942	2.0511	1.9218	1.9883	1.8899	2.0299	1.9722	2.0869	2.0972	1.9186	2.1475	2.2187	2.0991	2.1584	2.1541	1.7574	2.0773	1.8720	2.0708	1.9460	1.9043	2.0841	2.1578	2.1112	1.8520	2.1285	2.0968	2.0640	2.0079	2.1223	1.9150	1.9576	2.0229	1.9298	2.0352	1.8685	2.0181	1.9630	2.1126	2.1202	1.8248	2.1591	2.2311	2.0835	2.1813	2.1359	1.7052	2.0714	0.0000	
Sub1090	1.9969	2.1579	1.9779	1.8992	2.1277	2.1986	2.1656	1.9333	2.1425	2.1032	2.1006	2.0030	2.1481	1.9637	2.0434	2.0342	1.9010	2.0065	1.8812	2.0621	1.9862	2.1324	2.1011	1.9893	2.1467	2.2426	2.1204	2.1585	2.1612	1.8131	2.0959	1.9057	2.1237	2.0192	1.9038	2.0745	2.2197	2.1504	1.9432	2.1408	2.1140	2.0472	2.0216	2.1634	1.9459	1.9849	2.0287	1.9342	2.0650	1.9096	2.0749	1.9885	2.1631	2.1170	1.9799	2.1568	2.2381	2.1351	2.1855	2.1554	1.7325	2.1023	0.0000	
Sub1091	2.0173	2.0892	1.9355	1.8112	2.0773	2.1363	2.1716	1.9328	2.0994	2.1036	2.0381	1.9911	2.1325	1.9252	1.9680	2.0174	1.9615	2.0421	1.8717	2.0712	1.9883	2.1002	2.0858	1.9981	2.1431	2.2108	2.0853	2.1390	2.1478	1.7716	2.1086	2.0035	2.0595	1.9050	1.8062	2.0829	2.1832	2.0931	1.8838	2.1448	2.1030	2.0163	2.0451	2.1354	1.8496	1.9625	2.0312	1.9337	2.0525	1.8424	2.0349	1.9926	2.0959	2.1122	1.9410	2.1201	2.2275	2.0767	2.1512	2.1592	1.7284	2.0999	0.0000	
Sub1092	2.0207	2.1261	1.9984	1.8778	2.1019	2.1860	2.1265	1.9176	2.1812	2.1130	2.1100	2.0381	2.1832	1.9508	2.0495	2.0791	1.9421	2.0950	1.9550	2.0992	1.9854	2.1463	2.1170	1.9900	2.1708	2.2451	2.1041	2.1967	2.1568	1.8645	2.1147	2.0223	2.1401	1.9792	1.6457	2.1212	2.2064	2.1227	1.8807	2.1838	2.1223	2.1151	2.0309	2.1564	1.8786	2.0599	2.0719	1.9713	2.0577	1.9569	2.0604	2.0221	2.1292	2.1147	1.9454	2.1785	2.2587	2.0916	2.1620	2.1584	1.7930	2.0605	0.0000	
Sub1093	1.9885	2.0819	2.0175	1.9236	2.1002	2.2115	2.1724	1.9669	2.1735	2.1160	2.0720	2.0325	2.1566	1.9215	1.9952	2.0231	1.9613	2.0087	1.8644	2.0980	2.0279	2.1232	2.1372	2.0228	2.1498	2.2517	2.0845	2.1897	2.1839	1.8994	2.1130	1.9910	2.0967	2.0062	1.9471	2.1343	2.2341	2.1838	1.9306	2.1690	2.0951	2.0415	2.0225	2.1898	1.8553	1.9990	2.0414	1.9663	2.0363	1.8567	2.0661	2.0173	2.1264	2.1511	1.9454	2.1585	2.2608	2.1153	2.2016	2.1799	1.7610	2.0963	0.0000	
Sub1094	2.0059	2.1089	1.9942	1.9349	2.1518	2.1835	2.1540	1.9487	2.1550	2.1076	2.0791	1.9804	2.1626	1.9766	2.0277	2.0850	1.9887	2.0405	1.9321	2.0758	1.9913	2.1265	2.1224	1.9737	2.0983	2.2062	2.0849	2.1812	2.1924	1.8460	2.1085	1.9694	2.0867	1.9571	1.9691	2.1115	2.2047	2.1667	1.9625	2.1722	2.1055	2.0806	1.9867	2.1786	1.9460	2.0153	2.1018	1.9492	2.0617	1.9329	2.0628	1.9984	2.1195	2.1166	1.9553	2.1136	2.2168	2.0751	2.1719	2.1524	1.7453	2.1111	0.0000	
Sub1095	1.9879	2.0891	1.9693	1.8060	2.0471	2.1682	2.1040	1.8888	2.1458	2.0983	2.0774	1.9749	2.1242	1.8500	2.0158	2.0144	1.9217	1.9973	1.9214	2.0662	1.9559	2.1303	2.0967	1.9769	2.1069	2.2155	2.1094	2.1513	2.1699	1.8528	2.0597	1.9592	2.0574	1.9762	1.7903	2.0854	2.1688	2.1136	1.8382	2.1626	2.0995	2.0888	1.9860	2.1405	1.8637	1.9973	1.9996	1.9616	2.0065	1.9322	2.0610	1.9594	2.1199	2.0949	1.8900	2.1230	2.2217	2.0721	2.1543	2.1516	1.7612	2.0474	0.0000	
Sub1096	1.9751	2.1208	1.9991	1.8554	2.1431	2.1797	2.1770	1.9461	2.1630	2.1105	2.1157	2.0045	2.1727	1.8908	2.0681	2.0095	1.9557	1.9814	1.8240	2.1146	1.9882	2.1150	2.1440	1.9972	2.1419	2.2693	2.1370	2.1800	2.1212	1.7708	2.0929	1.8018	2.1260	1.9582	1.9604	2.1358	2.2371	2.1798	1.8942	2.1841	2.1150	2.0863	2.0329	2.2095	1.9107	1.9984	2.0359	1.8845	2.0588	1.8976	2.1106	1.8707	2.1239	2.1409	1.8664	2.1769	2.2715	2.1307	2.1834	2.1550	1.7180	2.0875	0.0000	
Sub1097	1.9994	2.0973	1.9608	1.9506	2.1157	2.1835	2.1448	1.9832	2.1413	2.0907	2.0856	1.9832	2.1505	1.9189	1.9837	2.0556	1.9988	2.0172	1.8604	2.0585	1.9815	2.1170	2.1019	1.9264	2.1171	2.2084	2.0542	2.1653	2.1646	1.8136	2.0731	1.9028	2.0857	1.9580	1.9787	2.1089	2.2063	2.1183	1.9251	2.1227	2.0921	2.0607	1.9686	2.1505	1.8831	1.9994	2.0489	1.9770	2.0495	1.8121	2.0383	1.9823	2.1044	2.1044	1.8607	2.1497	2.1928	2.0603	2.1785	2.1292	1.7298	2.0866	0.0000	
Sub1098	1.9675	2.0977	1.8822	1.9170	2.0453	2.1846	2.1116	1.8472	2.1107	2.0824	2.0276	1.9839	2.1390	1.8496	1.9958	2.0473	1.9718	2.0391	1.8268	2.0609	1.9756	2.1369	2.0644	1.9073	2.1224	2.2129	2.0723	2.1533	2.1602	1.7823	2.0591	1.8208	2.0439	1.8902	1.8949	2.0890	2.2086	2.1483	1.7994	2.1352	2.0826	2.0591	1.9608	2.1342	1.8714	2.0165	2.0625	1.9747	2.0004	1.8704	2.0589	1.9482	2.1345	2.0819	1.7642	2.1217	2.2226	2.0495	2.1587	2.1596	1.7237	2.0545	0.0000	
Sub1099	1.9989	2.1169	2.0238	1.9108	2.1717	2.1866	2.1386	1.9896	2.1051	2.0905	2.1207	2.0010	2.1551	1.9375	2.0093	2.0108	1.9112	1.9799	1.9704	2.0097	1.9963	2.1268	2.1356	1.9663	2.1320	2.2090	2.1332	2.1712	2.1036	1.7077	2.0650	1.9649	2.0642	1.9738	1.9399	2.1077	2.2105	2.1354	1.9203	2.1532	2.0934	2.1228	1.9891	2.1685	1.9465	2.0321	2.0379	1.9161	2.0229	1.9910	1.9580	1.9814	2.0816	2.1487	1.9582	2.1307	2.2216	2.1545	2.1498	2.1051	1.6463	2.0764	0.0000	
Sub1100	1.9786	2.0477	1.9640	1.9256	2.1091	2.1896	2.1586	1.8969	2.1676	2.0970	2.1134	1.9498	2.1541	1.8846	1.9711	2.0280	1.9022	2.0148	1.8655	2.0830	2.0014	2.0732	2.1334	1.9798	2.1195	2.1872	2.1330	2.1590	2.1063	1.7609	2.0625	1.9477	2.0434	1.9429	1.9351	2.1346	2.1689	2.1804	1.8659	2.1653	2.1029	2.0734	1.9930	2.1663	1.8513	1.9859	2.0225	1.9379	2.0226	1.9018	2.0389	1.9534	2.0307	2.1176	1.9341	2.1086	2.1954	2.0972	2.1571	2.1137	1.7012	2.0567	0.0000	
Sub1101	2.0086	2.1123	1.9955	1.8865	2.0973	2.1563	2.1670	1.8883	2.1520	2.1143	2.0996	1.9949	2.1509	1.9044	1.9823	2.0618	1.9307	2.0564	1.8870	2.0876	2.0198	2.1203	2.0977	1.9587	2.1270	2.2165	2.0730	2.1973	2.1628	1.7913	2.0718	1.9566	2.1135	1.9578	1.8614	2.1040	2.2107	2.1570	1.8884	2.1401	2.1180	2.0829	2.0351	2.1808	1.8944	1.9602	2.0533	1.9857	1.9832	1.9361	2.0698	2.0179	2.1061	2.1128	1.9448	2.1498	2.2320	2.0627	2.1657	2.1667	1.7688	2.0797	0.0000	
Sub1102	1.9986	2.1083	1.9808	1.9966	2.1373	2.2242	2.1738	1.9074	2.1656	2.1287	2.0897	2.0427	2.1548	1.9556	2.0244	2.0775	1.8923	2.0909	1.7845	2.0746	2.0399	2.1434	2.1619	2.0313	2.1585	2.2563	2.1464	2.2122	2.2153	1.8420	2.1087	2.0271	2.0998	1.9772	2.0049	2.1340	2.2515	2.1717	1.8939	2.1736	2.1449	2.1050	2.0307	2.2327	1.9639	2.0251	2.0955	2.0074	2.0767	1.8439	2.0576	2.0607	2.1177	2.1743	1.9524	2.1540	2.2336	2.1571	2.2054	2.1799	1.7646	2.1200	0.0000	
Sub1103	1.9641	2.0619	1.9965	1.9331	2.0710	2.1881	2.1321	1.9321	2.1535	2.0978	2.0508	1.9340	2.1557	1.9552	2.0264	2.0506	1.9608	2.0239	1.7854	2.0656	1.9798	2.1191	2.1315	1.9348	2.1166	2.1942	2.1262	2.1751	2.1641	1.8562	2.0731	1.9604	2.0478	1.9466	1.9307	2.0910	2.2042	2.1358	1.9285	2.1558	2.0965	2.0624	2.0026	2.1483	1.9128	1.9879	2.0129	1.9594	2.0409	1.8290	2.0967	1.9987	2.1457	2.1043	1.9279	2.1058	2.2026	2.1356	2.1805	2.1683	1.7948	2.0752	0.0000	
Sub1104	1.9321	2.0455	1.9276	1.8641	2.0898	2.1785	2.1061	1.8668	2.1131	2.0851	2.0054	1.9591	2.1253	1.8667	1.9597	2.0163	1.9400	2.0322	1.8041	2.0473	1.9839	2.0935	2.0922	1.8912	2.0965	2.1828	2.0579	2.1495	2.1605	1.7946	2.0670	1.8163	2.0881	1.9346	1.8780	2.1222	2.2071	2.1333	1.8995	2.1417	2.0867	2.0437	1.9948	2.1402	1.8719	1.9865	1.9964	1.9666	2.0422	1.8778	2.0085	1.9410	2.0767	2.0885	1.8206	2.1152	2.1834	2.0715	2.1733	2.1234	1.6689	2.0683	0.0000	
Sub1105	1.9786	2.0643	1.9183	1.9222	2.1103	2.1691	2.1561	1.9185	2.1207	2.0818	2.0450	1.9962	2.1659	1.9626	1.9409	2.0351	1.9418	2.0296	1.8453	2.0048	1.9640	2.0617	2.0770	1.9403	2.0897	2.1857	2.0191	2.1662	2.1340	1.7429	2.1202	1.9462	2.0462	1.9106	1.8601	2.0892	2.1978	2.1418	1.9110	2.1319	2.0844	2.0451	1.9752	2.1602	1.9439	1.9301	2.0091	1.8845	1.9750	1.8258	2.0276	1.9839	2.0474	2.0780	1.8720	2.0988	2.2052	2.0124	2.1990	2.1461	1.6918	2.0972	0.0000	
Sub1106	2.0051	2.1111	1.9769	1.8567	2.1198	2.2073	2.1743	1.8886	2.1615	2.1016	2.0979	2.0337	2.1574	1.8874	2.0191	2.0702	1.9772	2.0798	1.9267	2.0676	2.0074	2.1327	2.1068	1.9938	2.1333	2.2173	2.1184	2.1943	2.1926	1.8380	2.0947	1.9733	2.0851	2.0031	1.9000	2.1083	2.2273	2.1720	1.9106	2.1544	2.1162	2.0940	2.0235	2.1770	1.9178	2.0246	2.0652	1.9743	2.0716	1.9524	2.0735	1.9952	2.1299	2.1346	1.9217	2.1428	2.2390	2.1058	2.1997	2.1692	1.7838	2.1069	0.0000	
Sub1107	2.0258	2.1285	1.9471	1.8667	2.1062	2.1750	2.1492	1.8773	2.1621	2.1086	2.0957	2.0313	2.1290	1.8764	2.0173	2.0170	1.9476	2.0330	1.8393	2.1187	2.0120	2.1551	2.0966	2.0206	2.1571	2.2214	2.1078	2.1664	2.1617	1.8559	2.0795	1.9397	2.0569	1.9584	1.8332	2.1058	2.2017	2.1407	1.8435	2.1803	2.0968	2.1228	2.0167	2.1064	1.8742	2.0166	2.0499	1.9854	2.0168	1.8828	2.1098	2.0213	2.1336	2.0668	1.9703	2.1198	2.2365	2.1168	2.1680	2.1760	1.7555	2.0766	0.0000	
Sub1108	2.0100	2.1169	2.0484	1.7763	2.1143	2.2059	2.1456	1.9464	2.1804	2.1038	2.1181	2.0117	2.1533	1.9102	2.0099	2.0997	1.9912	2.0904	1.9692	2.1447	2.0206	2.1744	2.1170	1.9259	2.1419	2.2286	2.0953	2.1738	2.1907	1.8900	2.0567	1.8543	2.1190	2.0441	1.7483	2.1416	2.2419	2.1402	1.9187	2.1796	2.1234	2.1129	1.9832	2.1657	1.8950	2.0378	2.0915	2.0036	2.0771	1.9439	2.0921	2.0303	2.1522	2.1495	1.8956	2.1125	2.2528	2.1161	2.1619	2.1711	1.7455	2.0703	0.0000	
Sub1109	2.0175	2.1086	1.9800	1.8697	2.1026	2.1656	2.1622	1.9660	2.1780	2.0975	2.0985	1.9781	2.1639	1.8810	1.9768	2.0675	1.9729	2.0401	1.8460	2.0537	1.9906	2.1356	2.0872	2.0046	2.1511	2.2224	2.0971	2.1884	2.1899	1.8099	2.1154	1.9456	2.1084	2.0238	1.8874	2.0735	2.1931	2.1148	1.9346	2.1423	2.1116	2.0656	2.0193	2.1483	1.9339	1.9517	2.0584	1.9928	2.0120	1.8424	2.0330	2.0062	2.1288	2.1022	1.9479	2.1561	2.2284	2.0735	2.1868	2.1416	1.7464	2.1434	0.0000	
Sub1110	2.0349	2.1149	2.0060	1.8292	2.1361	2.2190	2.1603	1.9564	2.1824	2.1178	2.1083	2.0341	2.1592	1.9274	2.0302	2.0925	1.9963	2.0494	1.8195	2.1047	1.9971	2.1296	2.1423	1.9811	2.1600	2.2297	2.1029	2.1673	2.1710	1.8394	2.0996	1.9544	2.1330	1.9980	1.9962	2.1035	2.2449	2.1883	1.9772	2.2037	2.1178	2.0707	1.9845	2.2006	1.9246	2.0152	2.1042	1.9681	2.0227	1.8954	2.1166	1.9792	2.1402	2.1669	1.8931	2.1805	2.2388	2.1433	2.1995	2.1639	1.7120	2.1088	0.0000	
Sub1111	1.9426	2.1210	1.9744	1.9177	2.0580	2.1780	2.1049	1.9441	2.1235	2.1029	2.0662	2.0130	2.1318	1.8609	2.0131	2.0134	1.9279	2.0512	1.9286	2.0219	1.9613	2.0935	2.0549	1.9346	2.1206	2.2257	2.0910	2.1502	2.1444	1.7728	2.0752	1.9330	2.0752	1.9750	1.9021	2.0179	2.1932	2.1301	1.8657	2.1617	2.1041	2.0780	2.0100	2.1438	1.8614	1.9876	2.0144	1.9687	2.0201	1.9404	2.0130	1.9647	2.0888	2.1227	1.8498	2.1184	2.2398	2.0972	2.1275	2.1262	1.6542	2.0834	0.0000	
Sub1112	1.9745	2.1198	1.9741	1.7603	2.0627	2.1466	2.0494	1.8680	2.1275	2.0909	2.0826	1.9641	2.0492	1.7336	2.0171	2.0676	1.9562	2.0391	1.8136	2.0669	1.9499	2.1129	2.1190	1.9455	2.1308	2.2178	2.1263	2.1122	2.1647	1.7964	2.0146	1.9177	2.0982	1.9188	1.8811	2.0687	2.1370	2.0482	1.8415	2.1111	2.0860	2.0505	1.9541	2.0954	1.7965	2.0135	2.0596	1.9513	2.0009	1.8442	2.0751	1.9679	2.1259	2.0958	1.9002	2.1526	2.2213	2.1009	2.1282	2.1203	1.7394	2.0496	0.0000	
Sub1113	1.9907	2.0913	1.9494	1.8418	2.1110	2.1432	2.1148	1.8997	2.1347	2.0751	2.0890	1.9806	2.1385	1.8627	1.9347	2.0226	1.8973	2.0340	1.8258	2.0527	1.9654	2.1216	2.0685	1.9841	2.1241	2.1776	1.9951	2.1705	2.1186	1.8186	2.0726	1.9172	2.0529	1.9561	1.7418	2.0512	2.1640	2.1388	1.8418	2.1303	2.0876	2.0786	1.9966	2.1470	1.8774	1.9584	2.0274	1.9070	2.0077	1.8776	2.0234	1.9804	2.0899	2.0774	1.9564	2.1225	2.2046	1.9887	2.1172	2.1436	1.6330	2.0723	0.0000	
Sub1114	1.9726	2.0467	1.9693	1.8807	2.0770	2.1563	2.1159	1.8642	2.1644	2.1030	2.0698	1.9629	2.0984	1.9106	2.0073	2.0156	1.9366	1.9489	1.8822	2.0469	1.9781	2.0832	2.1016	1.9800	2.1120	2.1834	2.0601	2.1210	2.1109	1.7851	2.0479	1.9025	2.0654	1.9436	1.8014	2.0204	2.1283	2.0685	1.8466	2.1429	2.0954	2.0921	1.9657	2.0628	1.9083	2.0040	2.0099	1.9273	1.9903	1.8693	2.0382	1.9491	2.0875	2.1018	1.9264	2.1022	2.1728	2.0809	2.0824	2.0973	1.6579	2.0405	0.0000	
Sub1115	2.0364	2.1129	2.0364	1.9861	2.1125	2.1916	2.1555	1.9743	2.1834	2.0972	2.1155	1.9900	2.1542	1.9641	1.9921	2.0041	1.9139	2.0134	1.9444	2.0959	2.0091	2.1289	2.1256	2.0113	2.1362	2.2147	2.0898	2.2000	2.1918	1.8315	2.0666	1.9709	2.1350	2.0041	1.9559	2.1085	2.2344	2.1540	1.9088	2.2174	2.1060	2.1187	2.0313	2.1684	1.9284	2.0149	2.0299	1.9348	2.0097	1.9672	2.0850	1.9981	2.1190	2.1464	1.9572	2.1545	2.2248	2.1179	2.1701	2.1380	1.7299	2.0847	0.0000	
Sub1116	2.0501	2.1114	1.9790	1.9046	2.1012	2.2324	2.1777	1.9292	2.1768	2.1197	2.0951	2.0352	2.1467	1.9564	2.0314	2.0991	1.9568	2.0726	1.8929	2.0776	2.0363	2.1532	2.1509	2.0259	2.1305	2.2165	2.1297	2.1930	2.1942	1.8830	2.0997	1.8498	2.1274	1.9937	1.9560	2.1076	2.2331	2.1576	1.9431	2.1766	2.1318	2.1310	2.0138	2.1615	1.9354	2.0172	2.0656	1.9693	2.1021	1.8989	2.0881	1.9742	2.1709	2.1589	1.9554	2.1453	2.2395	2.1197	2.1893	2.1984	1.7938	2.1122	0.0000	
Sub1117	2.0039	2.1252	2.0121	1.8968	2.1448	2.1918	2.1481	1.8809	2.1764	2.1192	2.1018	2.0365	2.1868	1.9705	2.0166	2.0420	1.9611	2.0700	1.9137	2.0880	1.9756	2.1242	2.1300	1.9822	2.1475	2.2220	2.0982	2.2057	2.1671	1.8106	2.1113	1.8882	2.1174	2.0027	1.9478	2.1361	2.2083	2.1644	1.9412	2.1870	2.1134	2.1196	1.9857	2.1888	1.9242	2.0330	2.0954	2.0248	2.0554	1.9684	2.0479	2.0011	2.1194	2.1070	1.9446	2.1504	2.2191	2.1077	2.1980	2.1958	1.7379	2.1121	0.0000	
Sub1118	2.0351	2.0803	1.9329	1.8356	2.0976	2.1769	2.1314	1.9400	2.1498	2.1173	2.1036	2.0488	2.1733	1.9507	1.9506	2.0836	2.0140	2.0689	1.9037	2.0799	2.0427	2.0907	2.1122	2.0326	2.1216	2.2386	2.1282	2.1982	2.1869	1.7708	2.1042	1.9571	2.1174	1.9644	1.8727	2.1095	2.2113	2.1764	1.9092	2.1534	2.1294	2.1005	1.9981	2.1895	1.8753	1.9792	2.0705	1.9574	2.0402	1.9174	2.0606	2.0074	2.1197	2.1088	1.9206	2.1576	2.2573	2.1312	2.1807	2.1742	1.7216	2.1072	0.0000	
Sub1119	1.9877	2.0993	2.0548	1.9322	2.1145	2.2116	2.1683	1.9595	2.1353	2.1044	2.1087	2.0375	2.1810	1.9332	2.0054	2.0586	1.9444	2.0283	1.8983	2.0893	2.0130	2.1448	2.1476	1.9711	2.1841	2.2401	2.1287	2.1874	2.1692	1.8097	2.0673	1.9189	2.1056	1.9936	1.9331	2.1280	2.2438	2.1904	1.8805	2.1916	2.0952	2.1281	1.9877	2.1841	1.9087	2.0332	2.0460	1.9502	2.0817	1.9026	2.0655	1.9863	2.1392	2.1520	1.9120	2.1479	2.2362	2.0973	2.2124	2.1712	1.7593	2.0912	0.0000	
Sub1120	1.9700	2.0961	1.9797	1.9005	2.0881	2.1682	2.0828	1.8695	2.1240	2.0920	2.0815	1.9861	2.1386	1.9104	1.9993	2.0723	1.9175	2.0461	1.9103	2.0196	2.0042	2.1113	2.0590	1.8858	2.1241	2.1844	2.0354	2.1746	2.1340	1.7617	2.0814	1.8877	2.0855	1.9498	1.9489	2.0999	2.2009	2.1183	1.8776	2.1741	2.0892	2.0495	2.0026	2.1495	1.9089	1.9709	2.0646	1.9691	2.0066	1.8707	2.0298	1.9616	2.0980	2.0895	1.9475	2.1278	2.1882	2.0734	2.1847	2.1257	1.7500	2.0780	0.0000	
Sub1121	2.0244	2.1102	1.9992	1.8450	2.1022	2.1761	2.1433	1.8998	2.1569	2.1058	2.0860	2.0087	2.1541	1.8580	2.0199	2.0259	1.9187	2.0742	1.8686	2.0969	1.9905	2.1381	2.1207	2.0354	2.1561	2.2216	2.0773	2.1739	2.1612	1.8758	2.0692	1.9053	2.0903	1.9748	1.8831	2.1140	2.2065	2.1855	1.8176	2.1333	2.1192	2.0701	2.0333	2.1840	1.8200	2.0073	2.0546	1.9357	2.0787	1.9236	2.0783	1.9835	2.1375	2.1097	1.9532	2.1524	2.2331	2.0799	2.1770	2.1513	1.7821	2.0792	0.0000	
Sub1122	1.9579	2.1139	1.9072	1.8436	2.0496	2.1144	2.0335	1.8402	2.1472	2.1033	2.0965	2.0150	2.0307	1.8376	1.9897	2.0399	1.9306	2.0860	1.8310	2.0522	1.9841	2.1010	2.1080	1.9109	2.1406	2.2123	2.0494	2.1309	2.1252	1.8075	2.0687	1.9595	2.1144	1.9150	1.9360	2.0411	2.2101	2.1165	1.8679	2.1376	2.1131	2.1072	2.0086	2.1340	1.8992	1.9735	2.0584	1.9426	2.0587	1.8719	2.0286	2.0212	2.1259	2.1038	1.7511	2.1614	2.2376	2.1235	2.1497	2.1111	1.7069	2.1012	0.0000	
Sub1123	1.9991	2.0998	1.9887	1.9218	2.1065	2.1789	2.1140	1.9311	2.1692	2.0803	2.0699	2.0250	2.1561	1.9159	2.0271	2.0781	1.9743	2.0180	1.9011	2.0800	2.0276	2.0941	2.1034	1.9503	2.1162	2.2358	2.1111	2.1777	2.1647	1.7417	2.0957	1.8547	2.1239	2.0521	1.9782	2.1375	2.1966	2.1621	1.9687	2.2112	2.1023	2.1017	2.0254	2.1821	1.8813	1.9824	2.0866	1.9641	2.0532	1.9963	2.0460	2.0364	2.1140	2.1405	1.8556	2.1598	2.2465	2.0683	2.1965	2.1554	1.7801	2.1245	0.0000	
Sub1124	2.0187	2.1090	2.0466	1.9856	2.1558	2.2091	2.1937	1.9677	2.2039	2.0977	2.1290	2.0225	2.1774	1.9491	2.0050	2.0430	1.9811	2.0735	1.9244	2.0700	1.9925	2.1009	2.1549	2.0240	2.1298	2.2202	2.1191	2.2041	2.1966	1.9025	2.0642	1.9854	2.0993	2.0107	1.9770	2.1255	2.1693	2.1483	1.9334	2.1609	2.1062	2.1053	2.0388	2.1465	1.9025	2.0430	2.0852	1.9443	2.0388	1.9829	2.0776	2.0197	2.0991	2.1242	1.9329	2.1591	2.2351	2.1238	2.1704	2.1284	1.7841	2.0628	0.0000	
Sub1125	2.0288	2.0424	1.9746	1.9734	2.0661	2.1841	2.1930	1.9328	2.1325	2.1112	2.0991	1.9999	2.1524	1.9681	2.0210	2.0494	1.9264	1.9997	1.8216	2.0502	2.0025	2.1259	2.1038	1.9837	2.0902	2.1815	2.0697	2.1701	2.1411	1.8084	2.0735	1.8600	2.0760	1.9395	1.9543	2.0863	2.1887	2.1638	1.9522	2.1303	2.0841	2.0738	2.0379	2.1745	1.9672	2.0171	2.0674	1.8793	2.0676	1.8376	2.0310	1.9930	2.1395	2.0973	1.7897	2.0897	2.2032	2.0413	2.1718	2.1447	1.7715	2.0861	0.0000	
Sub1126	1.9919	2.1119	1.9379	1.6053	2.0648	2.1777	2.0938	1.8538	2.1036	2.1031	2.0367	2.0047	2.1271	1.7605	1.9813	2.0332	1.9194	1.9887	1.7868	2.0139	1.9413	2.0767	2.0667	1.9996	2.1083	2.1714	2.0360	2.1611	2.1821	1.7557	2.0637	1.9404	2.0648	1.9341	1.7628	2.1136	2.2043	2.1208	1.8838	2.1518	2.0758	2.0911	2.0141	2.1353	1.8256	1.9521	2.0443	1.9253	2.0339	1.8601	1.9941	1.9902	2.0866	2.0989	1.9238	2.1170	2.1979	2.0467	2.1550	2.1359	1.6959	2.0681	0.0000	
Sub1127	1.9986	2.1016	1.9747	1.8804	2.0991	2.1733	2.1448	1.8399	2.1492	2.0922	2.0897	1.9799	2.1204	1.8838	1.9985	2.0354	1.9484	2.0577	1.7140	2.0276	1.9836	2.0869	2.0815	1.9739	2.1024	2.1944	2.0454	2.1640	2.1386	1.7688	2.0850	1.9108	2.0945	1.9428	1.8707	2.1094	2.2002	2.1138	1.8620	2.1303	2.0967	2.0855	1.9809	2.1617	1.9160	1.9506	2.0673	1.9371	2.0548	1.7925	2.0021	1.9653	2.1185	2.0826	1.9114	2.1508	2.2046	2.0423	2.1965	2.1628	1.7120	2.1210	0.0000	
Sub1128	1.9430	2.0754	1.9699	1.9048	2.0894	2.1517	2.1407	1.9285	2.1139	2.1047	2.0652	2.0270	2.1431	1.8907	1.9773	2.0481	1.9097	2.0451	1.8114	2.0651	1.9709	2.1135	2.0810	1.9441	2.1181	2.1978	2.0357	2.1664	2.1451	1.8625	2.0942	1.9062	2.0603	1.9374	1.8906	2.0637	2.2003	2.1301	1.8949	2.1270	2.1010	2.0917	1.9975	2.1676	1.8597	1.9923	2.0262	1.9360	2.0571	1.8619	2.0720	1.9638	2.1225	2.1002	1.8427	2.1277	2.2035	2.0715	2.1806	2.1453	1.7386	2.0823	0.0000	
Sub1129	2.0369	2.1051	2.0242	1.9277	2.1608	2.1786	2.1419	1.9777	2.1855	2.1226	2.0919	2.0267	2.1461	1.8966	2.0410	2.0573	1.9120	2.0497	1.8956	2.1155	1.9891	2.1398	2.0972	2.0321	2.1279	2.1953	2.0496	2.1739	2.1656	1.9052	2.1003	1.9409	2.0812	2.0341	1.9510	2.1212	2.1951	2.1706	1.9273	2.2063	2.1092	2.0889	2.0462	2.1739	1.8711	2.0228	2.0150	1.9363	2.0198	1.9119	2.0339	1.9739	2.1102	2.0846	1.9186	2.1354	2.2155	2.0405	2.1647	2.1293	0.5282	1.8204	2.1017	
Sub1130	2.0122	2.1200	2.0036	1.8794	2.1100	2.2070	2.1698	1.9352	2.1637	2.1016	2.0630	1.9880	2.1358	1.8805	2.0160	2.0360	1.8997	2.0395	1.8685	2.0784	1.9967	2.1174	2.0961	1.9968	2.1178	2.1936	2.1092	2.1639	2.1481	1.8212	2.0623	1.9224	2.1078	1.9841	1.8945	2.1193	2.2253	2.1752	1.9181	2.1679	2.0891	2.0798	2.0119	2.1882	1.8901	2.0365	2.0776	1.9352	2.0454	1.9087	2.0701	1.9631	2.1060	2.1236	1.8704	2.1313	2.2043	2.1495	2.1588	2.1699	1.7906	2.0688	0.0000	
Sub1131	2.0703	2.1617	2.0281	1.8711	2.1757	2.2287	2.1988	1.9617	2.1939	2.1520	2.1368	2.0560	2.2043	1.8444	2.0515	2.0719	1.9818	2.0641	1.8266	2.0910	2.0374	2.1598	2.1590	2.0874	2.1974	2.2315	2.1227	2.1980	2.1930	1.8510	2.1142	2.0111	2.1565	2.0111	1.8745	2.1360	2.2359	2.2125	1.8994	2.2191	2.1262	2.1513	2.0379	2.2136	1.8220	2.0273	2.1262	1.9925	2.0982	1.9008	2.0865	2.0556	2.1536	2.1538	1.9954	2.1487	2.2421	2.0983	2.1883	2.1733	1.7390	2.1240	0.0000	
Sub1132	2.0000	2.0844	1.9930	1.8285	2.0598	2.1682	2.1243	1.9076	2.1185	2.0549	2.0797	1.9404	2.1430	1.9020	1.9826	2.0031	1.9071	2.0058	1.9465	2.0322	1.9996	2.0957	2.0913	1.9409	2.0897	2.2183	2.0989	2.1771	2.1646	1.7649	2.0465	1.9358	2.0652	1.9934	1.8354	2.0556	2.1940	2.1249	1.9062	2.1208	2.0664	2.0895	1.9739	2.1569	1.8754	1.9710	2.0306	1.8920	2.0205	1.9757	2.0153	1.9863	2.1068	2.0983	1.8766	2.0982	2.2074	2.0935	2.1470	2.1612	1.6934	2.0481	0.0000	
Sub1133	2.0216	2.0489	1.8854	1.8512	2.0123	2.0668	2.1088	1.8723	1.9977	2.1018	2.0042	2.0326	2.0994	1.9007	1.9914	2.0248	1.9682	2.0332	1.8746	2.0219	1.9832	2.1000	2.0060	1.9633	2.1055	2.2068	2.0001	2.1474	2.1392	1.7818	2.0736	1.9545	2.0867	1.8881	1.9494	2.0555	2.1498	2.1277	1.9067	2.0271	2.1064	2.0086	2.0169	2.1497	1.8187	2.0224	2.0581	1.9884	2.0688	1.9261	2.0303	1.9438	2.1129	2.0487	1.9239	2.0960	2.2291	2.0129	2.1881	2.1568	1.7771	2.0900	0.0000	
Sub1134	2.0229	2.0688	1.9787	1.9376	2.0740	2.1511	2.1043	1.9294	2.1532	2.1041	2.1492	2.0347	2.1472	1.9234	1.9896	2.0153	1.9171	2.0177	1.8996	2.0783	2.0178	2.1022	2.0903	1.9826	2.1125	2.2054	2.0714	2.1489	2.1181	1.7812	2.0931	1.8679	2.0454	1.9638	1.9425	2.0650	2.1565	2.1108	1.8638	2.1612	2.1025	2.1282	2.0000	2.1198	1.9255	2.0025	2.0197	1.9551	1.9793	1.9484	2.0679	1.9959	2.1117	2.0789	1.9137	2.1012	2.2018	2.0738	2.1536	2.1133	1.7322	2.0833	0.0000	
Sub1135	1.9828	2.1354	2.0080	1.9013	2.1451	2.1830	2.1629	1.9811	2.1614	2.1120	2.1286	2.0007	2.1563	1.9401	2.0021	2.0592	1.9421	2.0475	1.9209	2.0639	2.0202	2.1290	2.1315	2.0108	2.1613	2.2201	2.1161	2.1803	2.2051	1.8288	2.0912	1.8596	2.1300	2.0233	1.9147	2.0581	2.2160	2.1755	1.9740	2.1896	2.0942	2.1166	2.0347	2.1998	1.8734	1.9764	2.0209	1.9847	2.0402	1.9884	2.0365	1.9920	2.1309	2.0951	1.8345	2.1671	2.2347	2.1138	2.1666	2.1806	1.7363	2.0897	0.0000	
Sub1136	2.0226	2.1132	2.0440	1.9510	2.1348	2.2095	2.1548	1.9643	2.1713	2.1196	2.1244	2.0293	2.1550	1.9540	2.0611	2.0536	1.9908	2.0444	1.9590	2.1265	1.9898	2.1657	2.1216	2.0349	2.1488	2.2481	2.0820	2.2159	2.1524	1.8824	2.1293	1.9044	2.1129	2.0380	1.9638	2.1168	2.2253	2.1438	1.9344	2.1810	2.1158	2.1448	2.0124	2.1767	1.9404	2.0370	2.0664	1.9814	2.0686	1.9485	2.0907	1.9961	2.1506	2.1354	1.9707	2.1524	2.2479	2.1249	2.2066	2.1675	1.8090	2.1215	0.0000	
Sub1137	1.9786	2.1160	1.9385	1.7303	2.0890	2.1214	2.1257	1.9249	2.1161	2.1115	2.0522	1.9799	2.1279	1.9592	1.9988	2.0891	1.9520	2.0497	1.8686	2.0700	1.8294	2.1140	2.0750	1.9878	2.1344	2.2071	2.0239	2.1910	2.1479	1.9076	2.0672	1.9117	2.0993	1.9579	1.8043	2.0692	2.1754	2.1296	1.9004	2.1289	2.1079	2.0682	2.0095	2.1471	1.8725	1.9921	2.1020	1.9773	2.0498	1.8880	2.0328	1.9972	2.1406	2.1019	1.9328	2.1228	2.2268	2.0478	2.1897	2.1590	1.7766	2.0658	0.0000	
Sub1138	1.9885	2.1254	1.9734	1.9705	2.1013	2.2066	2.1709	1.9523	2.1681	2.1334	2.1029	2.0126	2.1895	1.8903	1.9857	2.0901	2.0104	2.0622	1.9083	2.0617	2.0108	2.1442	2.1303	1.9815	2.1439	2.2325	2.1437	2.1716	2.1699	1.8110	2.0987	1.9789	2.1110	1.9911	2.0286	2.1148	2.2408	2.1779	1.8956	2.1864	2.1237	2.1287	2.0162	2.1706	1.8566	2.0153	2.0760	2.0139	2.0197	1.9716	2.0467	1.9811	2.1161	2.1252	1.9351	2.1659	2.2402	2.1177	2.1890	2.1585	1.7587	2.0970	0.0000	
Sub1139	1.9885	2.0614	1.9493	1.8524	2.1166	2.1679	2.1903	1.9328	2.1212	2.0780	2.0544	1.9600	2.1579	1.8527	1.9557	1.9994	1.8887	1.9618	1.8594	2.0625	1.9729	2.0865	2.0501	1.9365	2.0989	2.1871	2.0196	2.1390	2.1268	1.8219	2.0463	1.9392	2.0568	1.9409	1.9401	2.1164	2.1804	2.1497	1.8872	2.1455	2.0932	2.1082	2.0020	2.1769	1.8555	1.9720	1.9485	1.8857	2.0104	1.9010	2.0570	1.9915	2.1027	2.0777	1.8987	2.1160	2.1904	2.0307	2.1526	2.1015	1.7521	2.0494	0.0000	
Sub1140	1.9784	2.0255	1.9889	1.7621	2.1032	2.1400	2.1490	1.9288	2.1337	2.0431	2.0978	1.9836	2.0998	1.8435	1.9839	2.0142	1.8794	2.0040	1.8892	2.0703	1.9691	2.0709	2.0942	1.9049	2.0941	2.1587	2.0420	2.1644	2.1244	1.8044	2.0364	1.9055	2.0365	1.9433	1.8621	2.0940	2.1823	2.1657	1.8813	2.1349	2.0700	2.0965	2.0248	2.1442	1.8659	1.9824	1.9868	1.9167	1.9422	1.8669	2.0186	1.9439	2.0658	2.0936	1.9308	2.0948	2.1890	2.0670	2.1716	2.1524	1.7228	2.0445	0.0000	
Sub1141	2.0340	2.0806	2.0332	1.8741	2.1377	2.2033	2.1291	1.8902	2.1862	2.0864	2.1242	1.9772	2.1188	1.9261	1.9796	1.9842	1.9281	2.0012	1.8623	2.0685	1.9999	2.1039	2.1161	2.0035	2.1462	2.1999	2.0979	2.1382	2.1345	1.8035	2.0858	1.9500	2.0890	1.9898	1.8665	2.1046	2.2117	2.1204	1.8601	2.1742	2.0912	2.1132	1.9373	2.1391	1.9137	1.9964	2.0211	1.9287	2.0348	1.9235	2.0380	1.9587	2.1266	2.1327	1.9162	2.1356	2.1948	2.1015	2.1685	2.1118	1.7295	2.0732	0.0000	
Sub1142	2.0184	2.1306	2.0309	1.7785	2.1532	2.2143	2.1818	1.9240	2.1918	2.1467	2.0904	2.0603	2.1686	1.8857	2.0544	2.1071	1.9839	2.0242	1.9287	2.1075	2.0221	2.1514	2.1278	1.9657	2.1577	2.2420	2.1033	2.1959	2.1891	1.8933	2.0967	1.9152	2.0735	1.9876	1.8203	2.1403	2.2225	2.1475	1.9310	2.2010	2.1310	2.1110	2.0387	2.1481	1.9056	2.0827	2.0922	1.9606	2.0536	1.9361	2.0784	2.0193	2.1360	2.1320	2.0228	2.1779	2.2531	2.1407	2.1849	2.1768	1.8125	2.0872	0.0000	
Sub1143	1.9933	2.1214	1.9290	1.8779	2.1428	2.1640	2.1599	1.9569	2.1750	2.1123	2.0910	2.0351	2.1735	1.9663	1.9958	2.0427	1.9880	2.0747	1.8037	2.0603	1.9967	2.1485	2.1267	1.9158	2.1281	2.2311	2.1163	2.1956	2.1970	1.9041	2.1050	1.9262	2.1148	1.9746	1.9821	2.1085	2.2204	2.1496	1.9078	2.1932	2.1054	2.0790	2.0183	2.1760	1.9400	2.0232	2.0535	1.9853	2.1003	1.7923	2.0204	2.0019	2.1173	2.1504	1.8388	2.1589	2.2201	2.0736	2.1984	2.1604	1.7926	2.1199	0.0000	
Sub1144	2.0036	2.0737	1.9120	1.8629	2.0668	2.1289	2.1148	1.8837	2.0797	2.0574	2.0294	1.9833	2.1296	1.8390	1.9619	2.0082	1.8535	1.9944	1.8031	2.0288	2.0070	2.0822	2.0769	1.9894	2.1046	2.1909	2.0409	2.1861	2.1037	1.6989	2.0741	1.9693	2.0496	1.9287	1.9220	2.0760	2.1580	2.1658	1.8712	2.0848	2.1008	2.0066	2.0079	2.1243	1.8399	1.9827	2.0334	1.9388	2.0082	1.8033	1.9874	1.9783	2.0625	2.1068	1.8082	2.1419	2.2171	2.0526	2.1737	2.1161	1.6615	2.0682	0.0000	
Sub1145	2.0314	2.0986	1.9777	1.7321	2.1045	2.2152	2.1259	1.9024	2.1485	2.1256	2.1130	2.0027	2.1894	1.9055	2.0189	2.1006	1.9607	2.0559	1.8876	2.1059	2.0083	2.1479	2.1210	1.9844	2.1624	2.2203	2.0539	2.1800	2.1673	1.8032	2.0944	2.0041	2.1243	1.9705	1.8131	2.1290	2.2253	2.1343	1.8977	2.1676	2.1176	2.1128	2.0255	2.1711	1.9050	1.9611	2.0750	1.8801	2.0377	1.9333	2.0703	2.0387	2.1373	2.1135	1.9348	2.1507	2.2517	2.0847	2.1657	2.1405	1.7447	2.0617	0.0000	
Sub1146	1.9645	2.0616	1.9193	1.9120	2.0785	2.1745	2.1820	1.8831	2.1066	2.0923	2.0563	2.0244	2.1392	1.8638	1.9869	2.0249	1.8575	2.0558	1.7915	2.0387	1.9870	2.1075	2.0955	1.9695	2.1172	2.1955	2.0283	2.1320	2.1119	1.7525	2.0660	1.9420	2.0764	1.9223	1.9788	2.0910	2.1943	2.1673	1.8797	2.1279	2.0878	2.0587	2.0192	2.1419	1.8825	1.9919	2.0282	1.9347	2.0336	1.8233	2.0264	1.9968	2.1179	2.1071	1.9205	2.1125	2.1994	2.0678	2.1569	2.1311	1.7117	2.0753	0.0000	
Sub1147	1.9582	2.0574	1.9781	1.8761	2.0788	2.1495	2.1351	1.9254	2.1377	2.0982	2.0436	2.0027	2.1271	1.9469	1.9843	2.0165	1.9378	1.9584	1.8203	2.0796	2.0171	2.0949	2.0699	1.9338	2.1305	2.2226	2.0290	2.1543	2.1532	1.7729	2.0839	1.9073	2.0825	1.9314	1.9128	2.0645	2.1928	2.1507	1.8571	2.1020	2.1212	2.0818	2.0609	2.1758	1.9061	1.9614	2.0455	1.9344	1.9841	1.8857	2.0658	1.9906	2.1038	2.0985	1.8331	2.1242	2.2311	2.0574	2.1747	2.1265	1.6568	2.0767	0.0000	
Sub1148	2.0488	2.1159	1.9703	1.8068	2.0984	2.1695	2.1342	1.9156	2.1412	2.1058	2.0234	2.0225	2.1265	1.8577	2.0084	2.0427	1.9504	2.0486	1.8908	2.0381	2.0061	2.1214	2.1012	2.0086	2.1300	2.2117	2.0948	2.1528	2.1647	1.8495	2.0779	1.9786	2.0845	1.9752	1.8906	2.1307	2.2038	2.1198	1.8529	2.1783	2.1220	2.0567	2.0242	2.1548	1.8825	2.0032	2.0611	1.9494	2.0697	1.8852	2.0397	1.9943	2.1162	2.1233	1.9207	2.1518	2.2429	2.0905	2.1669	2.1698	1.7258	2.0844	0.0000	
Sub1149	1.9724	2.1061	2.0513	1.8511	2.1256	2.1656	2.1251	1.9394	2.1564	2.0858	2.1320	1.9775	2.1732	1.8737	2.0180	2.0444	1.9585	2.0188	1.9466	2.0645	1.9988	2.1215	2.1406	1.9937	2.1542	2.2198	2.0909	2.1814	2.1924	1.8135	2.0525	1.8856	2.1024	1.9933	1.8835	2.1417	2.2168	2.1425	1.9454	2.1742	2.0809	2.1252	1.9840	2.1686	1.8606	2.0141	2.0389	1.9770	2.0042	1.9799	2.0608	1.9989	2.1174	2.1453	1.9115	2.1541	2.2231	2.1119	2.1809	2.1788	1.7931	2.0737	0.0000	
Sub1150	1.9894	2.0995	2.0109	1.9313	2.1168	2.2226	2.1359	1.9013	2.1798	2.1263	2.0792	2.0308	2.1613	1.8972	2.0279	2.0877	1.9924	2.0540	1.8853	2.1093	2.0000	2.1131	2.1687	1.9712	2.1550	2.2209	2.1259	2.1796	2.1458	1.8448	2.0593	1.9282	2.1273	1.9808	1.9261	2.1206	2.2226	2.1611	1.9417	2.1607	2.1235	2.0745	1.9928	2.1696	1.8345	2.0040	2.0849	1.9412	2.0567	1.9286	2.0700	1.9963	2.0920	2.1433	1.8976	2.1479	2.2189	2.1283	2.1549	2.1431	1.7284	2.0795	0.0000	
Sub1151	2.0004	2.1214	2.0166	1.8514	2.0975	2.2092	2.1494	1.9759	2.1721	2.0999	2.1523	1.9495	2.1394	1.8362	1.9942	2.0892	1.9408	2.0475	1.9533	2.0774	1.9871	2.1224	2.1432	1.9397	2.1708	2.2297	2.1196	2.1426	2.2055	1.8340	2.0531	1.9625	2.1287	2.0113	1.7595	2.0912	2.2351	2.1081	1.9538	2.1872	2.1059	2.1189	1.9980	2.1694	1.8431	2.0187	2.0317	1.9784	2.0589	2.0037	2.0602	2.0128	2.1328	2.1609	1.8178	2.1770	2.2116	2.1270	2.1459	2.1692	1.7479	2.0327	0.0000	
Sub1152	1.9287	2.0314	1.9347	1.8821	2.0964	2.1128	2.0618	1.9171	2.1062	2.0372	2.0256	1.9270	2.0895	1.8809	1.9463	1.9588	1.8545	1.9842	1.8163	2.0111	1.9454	2.0653	2.0524	1.9050	2.0362	2.1488	1.9802	2.0862	2.1144	1.8052	2.0530	1.9084	2.0266	1.9261	1.8720	2.0535	2.1301	2.0514	1.8668	2.0865	2.0454	2.0095	1.9507	2.0801	1.8716	1.9242	1.9922	1.8899	1.9483	1.8600	1.9673	1.9195	2.0195	2.0407	1.9247	2.0300	2.1368	2.0057	2.0853	2.0943	1.5620	2.0812	0.0000	
