subID.calcFD	Frontal	Parietal	Temporal	Occipital	
Sub1001	2.3954	2.2797	2.3598	2.3500	
Sub1002	2.3954	2.2815	2.3396	2.3170	
Sub1003	2.3835	2.2739	2.3245	2.3481	
Sub1004	2.3744	2.2739	2.3411	2.3312	
Sub1005	2.3995	2.3187	2.3444	2.3319	
Sub1006	2.3972	2.2919	2.3507	2.3443	
Sub1007	2.3726	2.2834	2.2943	2.3304	
Sub1008	2.3772	2.2852	2.3269	2.3479	
Sub1009	2.3756	2.2856	2.3376	2.3137	
Sub1010	2.3919	2.2770	2.3304	2.3226	
Sub1011	2.3816	2.2849	2.3099	2.3447	
Sub1012	2.4003	2.2886	2.3609	2.3488	
Sub1013	2.3672	2.2797	2.3324	2.2984	
Sub1014	2.3788	2.2805	2.2947	2.3102	
Sub1015	2.3369	2.2233	2.3150	2.3071	
Sub1016	2.3809	2.2552	2.3320	2.3109	
Sub1017	2.3750	2.2575	2.3284	2.3123	
Sub1018	2.3572	2.2593	2.2891	2.3004	
Sub1019	2.4006	2.2853	2.3266	2.3593	
Sub1020	2.3873	2.2828	2.3552	2.3245	
Sub1021	2.3877	2.2677	2.3562	2.3301	
Sub1022	2.3674	2.2617	2.3061	2.3150	
Sub1023	2.3585	2.2695	2.3181	2.3177	
Sub1024	2.3901	2.2888	2.3434	2.3333	
Sub1025	2.3587	2.2335	2.3241	2.2975	
Sub1026	2.3780	2.2545	2.3371	2.3295	
Sub1027	2.3859	2.2590	2.3436	2.3363	
Sub1028	2.3568	2.2295	2.2885	2.2936	
Sub1029	2.3144	2.2185	2.2863	2.2480	
Sub1030	2.3949	2.2618	2.3451	2.3404	
Sub1031	2.3412	2.2229	2.2807	2.2824	
Sub1032	2.3847	2.2775	2.3398	2.3202	
Sub1033	2.3476	2.2335	2.3047	2.2981	
Sub1034	2.3674	2.2643	2.3083	2.3054	
Sub1035	2.3564	2.2325	2.3060	2.3240	
Sub1036	2.4073	2.2979	2.3588	2.3549	
Sub1037	2.3473	2.2598	2.3273	2.3121	
Sub1038	2.3769	2.2494	2.3442	2.3094	
Sub1039	2.3795	2.2831	2.3664	2.3478	
Sub1040	2.3827	2.2536	2.3503	2.3134	
Sub1041	2.3826	2.2454	2.2866	2.3182	
Sub1042	2.3752	2.2755	2.3114	2.2932	
Sub1043	2.3600	2.2553	2.3075	2.2908	
Sub1044	2.3886	2.2647	2.3487	2.3374	
Sub1045	2.3604	2.2722	2.3277	2.3067	
Sub1046	2.3809	2.2605	2.3410	2.3163	
Sub1047	2.3711	2.2796	2.3287	2.3125	
Sub1048	2.3947	2.2712	2.3400	2.3420	
Sub1049	2.3790	2.2853	2.3249	2.3127	
Sub1050	2.3872	2.2479	2.3259	2.3110	
Sub1051	2.3361	2.2320	2.2954	2.2984	
Sub1052	2.3577	2.2195	2.2959	2.2908	
Sub1053	2.3664	2.2722	2.3550	2.3302	
Sub1054	2.3519	2.2203	2.3144	2.3073	
Sub1055	2.3926	2.2842	2.3637	2.3626	
Sub1056	2.3724	2.2730	2.2979	2.3154	
Sub1057	2.4010	2.3031	2.3435	2.3387	
Sub1058	2.3583	2.2606	2.3418	2.3311	
Sub1059	2.3962	2.3124	2.3526	2.3603	
Sub1060	2.3923	2.2797	2.3378	2.3222	
Sub1061	2.3788	2.2970	2.3395	2.3361	
Sub1062	2.3676	2.2587	2.3120	2.3128	
Sub1063	2.3905	2.2699	2.3404	2.3326	
Sub1064	2.3650	2.2087	2.3116	2.3339	
Sub1065	2.3755	2.2808	2.3322	2.3174	
Sub1066	2.3783	2.2768	2.3519	2.3343	
Sub1067	2.4003	2.3102	2.3215	2.3383	
Sub1068	2.3621	2.2893	2.3177	2.3073	
Sub1069	2.3699	2.2489	2.2973	2.2876	
Sub1070	2.3615	2.2742	2.3256	2.3399	
Sub1071	2.3712	2.2557	2.2673	2.2508	
Sub1072	2.4004	2.3176	2.3372	2.3338	
Sub1073	2.3716	2.2813	2.3281	2.3170	
Sub1074	2.3642	2.2918	2.3154	2.3140	
Sub1075	2.4303	2.3241	2.3658	2.3837	
Sub1076	2.4247	2.3075	2.3690	2.3665	
Sub1077	2.3557	2.2782	2.2903	2.2954	
Sub1078	2.3860	2.3014	2.3480	2.3174	
Sub1079	2.3599	2.2762	2.3101	2.3398	
Sub1080	2.3850	2.2815	2.3462	2.3294	
Sub1081	2.3911	2.3023	2.3396	2.3450	
Sub1082	2.3816	2.2481	2.3316	2.2956	
Sub1083	2.3822	2.2625	2.3143	2.3033	
Sub1084	2.3543	2.2609	2.3304	2.3348	
Sub1085	2.3637	2.2690	2.3030	2.3167	
Sub1086	2.3911	2.2694	2.3420	2.3014	
Sub1087	2.3834	2.2696	2.3425	2.3068	
Sub1088	2.3429	2.2388	2.3148	2.2767	
Sub1089	2.4095	2.2856	2.3287	2.3166	
Sub1090	2.4066	2.3023	2.3440	2.3227	
Sub1091	2.3797	2.2589	2.3183	2.3004	
Sub1092	2.4050	2.2844	2.3162	2.3570	
Sub1093	2.4006	2.3037	2.3465	2.3388	
Sub1094	2.3900	2.2855	2.3640	2.3341	
Sub1095	2.3728	2.2772	2.3153	2.3333	
Sub1096	2.3914	2.2973	2.3507	2.3278	
Sub1097	2.3737	2.2733	2.3247	2.3082	
Sub1098	2.3840	2.2688	2.3301	2.2932	
Sub1099	2.3754	2.2841	2.3339	2.3364	
Sub1100	2.3527	2.2781	2.3327	2.3134	
Sub1101	2.3957	2.2703	2.3465	2.3144	
Sub1102	2.4169	2.3162	2.3782	2.3265	
Sub1103	2.3712	2.3108	2.3351	2.3185	
Sub1104	2.3489	2.2691	2.3223	2.3025	
Sub1105	2.3602	2.2458	2.3399	2.2962	
Sub1106	2.3962	2.3082	2.3484	2.3285	
Sub1107	2.3891	2.2930	2.3224	2.3322	
Sub1108	2.3971	2.3097	2.3282	2.3620	
Sub1109	2.3845	2.2605	2.3354	2.3189	
Sub1110	2.3977	2.3100	2.3534	2.3507	
Sub1111	2.3892	2.2779	2.3092	2.3192	
Sub1112	2.3846	2.2722	2.2675	2.2930	
Sub1113	2.3471	2.2182	2.3048	2.2984	
Sub1114	2.3614	2.2513	2.2882	2.3266	
Sub1115	2.3782	2.2861	2.3485	2.3588	
Sub1116	2.3910	2.3072	2.3463	2.3478	
Sub1117	2.3934	2.2837	2.3681	2.3582	
Sub1118	2.4014	2.2961	2.3476	2.3242	
Sub1119	2.4138	2.3140	2.3593	2.3595	
Sub1120	2.3687	2.2556	2.3359	2.3113	
Sub1121	2.3873	2.2669	2.3330	2.3251	
Sub1122	2.3817	2.2570	2.2964	2.3316	
Sub1123	2.3912	2.2636	2.3410	2.3285	
Sub1124	2.3852	2.2998	2.3526	2.3557	
Sub1125	2.3607	2.2677	2.3424	2.3001	
Sub1126	2.3544	2.2423	2.3086	2.2942	
Sub1127	2.3705	2.2529	2.3373	2.3121	
Sub1128	2.3767	2.2608	2.3342	2.3145	
Sub1129	2.3696	2.2575	2.3401	2.3536	
Sub1130	2.3605	2.2931	2.3404	2.3322	
Sub1131	2.3983	2.3150	2.3679	2.3669	
Sub1132	2.3713	2.2728	2.3245	2.3193	
Sub1133	2.3636	2.2205	2.3079	2.2199	
Sub1134	2.3758	2.2545	2.3206	2.3411	
Sub1135	2.3789	2.2812	2.3409	2.3387	
Sub1136	2.4013	2.2987	2.3408	2.3625	
Sub1137	2.3659	2.2501	2.3382	2.3093	
Sub1138	2.4032	2.2934	2.3558	2.3479	
Sub1139	2.3484	2.2414	2.3269	2.3008	
Sub1140	2.3405	2.2494	2.3237	2.3094	
Sub1141	2.3694	2.2758	2.3202	2.3483	
Sub1142	2.4062	2.3152	2.3445	2.3617	
Sub1143	2.3951	2.2846	2.3536	2.3299	
Sub1144	2.3780	2.2478	2.3218	2.2749	
Sub1145	2.3901	2.2707	2.3407	2.3313	
Sub1146	2.3672	2.2530	2.3343	2.2998	
Sub1147	2.3785	2.2645	2.3224	2.3092	
Sub1148	2.3997	2.2750	2.3335	2.3372	
Sub1149	2.3673	2.2789	2.3259	2.3335	
Sub1150	2.3978	2.3056	2.3395	2.3493	
Sub1151	2.3815	2.3129	2.3134	2.3632	
Sub1152	2.2952	2.1979	2.2455	2.2556	
